10000
10001
10000
9999
9998
9998
9998
9998
9997
9996
9995
9994
9992
9992
9991
9989
9986
9986
9984
9984
9982
9980
9979
9978
9975
9975
9973
9969
9969
9968
9968
9968
9967
9967
9963
9963
9963
9962
9962
9962
9961
9961
9960
9956
9955
9952
9951
9950
9950
9950
9950
9949
9945
9945
9944
9944
9943
9941
9941
9941
9941
9940
9938
9938
9936
9934
9932
9927
9924
9924
9923
9919
9917
9917
9915
9911
9911
9911
9907
9905
9905
9905
9901
9901
9900
9900
9899
9899
9897
9897
9897
9896
9896
9896
9896
9896
9895
9895
9893
9892
9891
9890
9889
9888
9888
9888
9888
9886
9884
9884
9883
9883
9883
9882
9881
9881
9880
9880
9880
9878
9878
9876
9874
9873
9873
9873
9873
9870
9870
9870
9869
9868
9868
9868
9867
9867
9864
9861
9861
9861
9859
9859
9858
9857
9855
9855
9855
9852
9851
9848
9847
9847
9846
9846
9845
9845
9845
9844
9843
9843
9839
9837
9837
9835
9835
9834
9833
9832
9831
9828
9827
9823
9818
9818
9814
9812
9812
9811
9810
9808
9807
9806
9805
9804
9804
9804
9804
9803
9802
9801
9800
9799
9799
9798
9795
9793
9792
9790
9789
9789
9787
9787
9787
9787
9786
9785
9784
9784
9783
9781
9779
9778
9777
9776
9775
9775
9774
9773
9773
9773
9773
9771
9771
9771
9771
9769
9768
9768
9767
9766
9765
9765
9764
9763
9763
9762
9762
9762
9761
9761
9761
9760
9760
9757
9757
9757
9757
9753
9753
9753
9752
9752
9750
9747
9745
9745
9744
9744
9739
9738
9738
9737
9735
9732
9732
9731
9729
9729
9726
9725
9725
9725
9724
9721
9720
9716
9716
9714
9714
9710
9709
9708
9707
9706
9705
9705
9704
9703
9702
9702
9702
9700
9699
9698
9696
9695
9695
9694
9690
9690
9690
9689
9689
9689
9688
9688
9686
9686
9685
9685
9684
9684
9683
9682
9681
9681
9680
9679
9679
9679
9679
9676
9675
9675
9675
9674
9674
9673
9673
9671
9670
9669
9667
9665
9665
9663
9659
9654
9653
9653
9652
9650
9650
9650
9648
9648
9648
9646
9645
9645
9644
9643
9641
9641
9640
9639
9637
9635
9632
9630
9629
9629
9627
9626
9626
9623
9623
9623
9623
9622
9621
9621
9619
9618
9618
9617
9611
9611
9610
9608
9607
9605
9604
9604
9602
9601
9601
9600
9599
9599
9599
9598
9598
9597
9597
9596
9596
9594
9594
9594
9593
9593
9592
9591
9590
9589
9586
9586
9585
9584
9584
9579
9578
9576
9576
9576
9575
9575
9574
9574
9573
9571
9571
9571
9570
9570
9568
9567
9567
9567
9566
9565
9564
9563
9562
9562
9562
9561
9561
9559
9559
9558
9555
9554
9553
9553
9552
9551
9550
9550
9550
9550
9549
9548
9547
9547
9547
9545
9542
9541
9541
9540
9539
9539
9538
9537
9536
9534
9533
9533
9533
9532
9531
9530
9530
9530
9529
9525
9522
9522
9520
9519
9519
9519
9516
9516
9516
9516
9516
9516
9513
9512
9511
9511
9511
9509
9506
9505
9501
9498
9496
9494
9493
9493
9493
9493
9491
9490
9489
9489
9488
9486
9486
9486
9485
9485
9484
9482
9481
9481
9480
9479
9477
9477
9477
9476
9475
9474
9473
9473
9470
9467
9467
9467
9466
9466
9464
9463
9463
9463
9462
9462
9460
9460
9460
9458
9457
9457
9456
9455
9453
9453
9453
9452
9452
9451
9448
9448
9447
9447
9445
9443
9443
9443
9442
9442
9442
9441
9440
9438
9435
9434
9431
9430
9429
9429
9426
9426
9425
9425
9423
9422
9422
9422
9421
9419
9419
9418
9418
9417
9417
9417
9416
9416
9416
9415
9415
9415
9414
9411
9411
9410
9410
9409
9407
9407
9406
9405
9405
9404
9404
9403
9403
9402
9402
9402
9400
9399
9399
9399
9399
9399
9398
9398
9393
9391
9391
9390
9390
9389
9389
9389
9388
9386
9385
9384
9382
9382
9381
9380
9379
9377
9376
9375
9375
9373
9373
9371
9370
9368
9368
9367
9364
9363
9363
9362
9359
9358
9358
9355
9355
9354
9354
9348
9348
9347
9346
9345
9345
9343
9339
9337
9335
9335
9335
9333
9333
9333
9333
9332
9329
9328
9328
9327
9326
9326
9323
9322
9322
9321
9319
9318
9317
9315
9314
9314
9313
9313
9311
9311
9311
9310
9310
9309
9308
9308
9307
9306
9306
9305
9304
9300
9300
9298
9297
9296
9294
9294
9293
9292
9292
9292
9291
9287
9286
9286
9284
9284
9283
9281
9280
9279
9278
9277
9276
9275
9274
9274
9274
9273
9271
9270
9270
9270
9269
9268
9268
9265
9264
9264
9264
9262
9261
9261
9257
9257
9256
9255
9254
9254
9251
9251
9251
9250
9250
9250
9249
9249
9247
9246
9245
9244
9244
9243
9243
9242
9242
9242
9241
9239
9237
9236
9235
9234
9234
9233
9233
9233
9233
9231
9231
9230
9227
9227
9226
9225
9223
9222
9222
9219
9219
9218
9217
9217
9217
9216
9216
9216
9214
9210
9207
9205
9204
9204
9203
9202
9202
9201
9201
9200
9198
9194
9193
9192
9191
9190
9190
9190
9189
9188
9186
9186
9185
9185
9184
9184
9182
9182
9180
9180
9179
9177
9177
9177
9176
9176
9176
9176
9173
9173
9172
9172
9170
9170
9168
9164
9163
9161
9161
9160
9160
9159
9158
9158
9157
9157
9156
9155
9155
9155
9154
9153
9153
9152
9152
9151
9150
9149
9147
9147
9142
9142
9139
9139
9136
9134
9133
9132
9132
9130
9130
9130
9129
9128
9128
9127
9127
9126
9123
9122
9121
9120
9119
9118
9117
9116
9114
9114
9113
9112
9111
9111
9110
9108
9105
9104
9104
9103
9101
9101
9101
9098
9098
9097
9097
9097
9096
9096
9095
9093
9093
9093
9093
9091
9091
9088
9088
9088
9088
9084
9083
9083
9082
9081
9081
9080
9080
9079
9077
9077
9076
9076
9074
9072
9069
9069
9069
9067
9065
9065
9065
9065
9064
9064
9063
9063
9062
9062
9060
9060
9060
9060
9060
9060
9059
9058
9058
9057
9056
9055
9054
9054
9053
9053
9053
9051
9051
9050
9050
9046
9044
9044
9044
9043
9042
9042
9038
9036
9036
9035
9034
9034
9033
9031
9030
9030
9030
9030
9029
9028
9027
9027
9027
9027
9025
9024
9024
9024
9024
9021
9019
9018
9018
9017
9016
9013
9013
9012
9010
9010
9009
9009
9008
9007
9007
9007
9005
9005
9005
9001
9000
9000
9000
8999
8999
8998
8998
8997
8997
8996
8996
8995
8995
8994
8994
8993
8992
8989
8988
8985
8985
8985
8984
8981
8981
8981
8980
8980
8980
8979
8979
8978
8977
8977
8977
8976
8975
8970
8968
8968
8967
8966
8966
8965
8964
8963
8961
8960
8959
8958
8958
8957
8956
8954
8953
8953
8952
8950
8948
8945
8944
8944
8943
8943
8942
8942
8942
8941
8941
8941
8941
8941
8940
8940
8939
8938
8937
8937
8936
8936
8934
8934
8932
8931
8930
8930
8928
8927
8927
8926
8926
8925
8924
8923
8922
8920
8920
8919
8918
8917
8916
8915
8914
8914
8912
8911
8911
8910
8909
8908
8907
8906
8905
8903
8902
8902
8901
8899
8899
8896
8896
8896
8896
8895
8895
8895
8892
8891
8891
8891
8890
8889
8888
8887
8886
8885
8883
8883
8881
8880
8880
8879
8879
8875
8874
8873
8872
8870
8869
8869
8869
8868
8868
8867
8866
8863
8863
8861
8858
8858
8856
8854
8852
8851
8850
8850
8847
8847
8846
8845
8845
8844
8843
8843
8841
8839
8838
8835
8834
8832
8832
8831
8831
8830
8830
8829
8829
8827
8827
8826
8826
8825
8823
8823
8822
8820
8819
8819
8819
8819
8818
8818
8818
8817
8817
8816
8815
8813
8813
8813
8812
8812
8811
8811
8809
8808
8806
8804
8803
8802
8801
8800
8798
8797
8796
8796
8795
8795
8791
8791
8788
8787
8786
8786
8784
8783
8783
8781
8779
8778
8778
8773
8773
8771
8770
8768
8767
8766
8764
8762
8759
8757
8757
8755
8754
8752
8750
8750
8749
8747
8747
8745
8745
8744
8743
8742
8741
8741
8740
8740
8736
8736
8735
8734
8733
8731
8730
8730
8729
8729
8728
8728
8728
8726
8725
8723
8723
8720
8718
8718
8717
8715
8715
8714
8713
8713
8713
8712
8712
8710
8709
8708
8703
8702
8701
8701
8697
8697
8696
8695
8694
8693
8691
8687
8687
8687
8686
8685
8685
8683
8683
8683
8682
8681
8680
8677
8677
8677
8676
8676
8675
8675
8673
8672
8672
8671
8666
8665
8664
8661
8659
8658
8658
8657
8657
8656
8656
8655
8655
8653
8652
8651
8651
8649
8649
8648
8648
8648
8646
8646
8645
8644
8643
8643
8642
8637
8635
8633
8633
8632
8631
8630
8630
8630
8628
8627
8627
8626
8624
8624
8624
8623
8623
8622
8622
8621
8621
8620
8620
8619
8618
8616
8616
8614
8613
8613
8612
8611
8609
8608
8608
8607
8607
8606
8603
8603
8602
8602
8602
8601
8598
8595
8594
8594
8593
8593
8593
8592
8591
8590
8589
8589
8587
8587
8587
8586
8586
8585
8584
8583
8583
8582
8582
8581
8581
8581
8581
8579
8578
8578
8576
8576
8575
8575
8575
8574
8573
8573
8573
8571
8570
8570
8569
8568
8566
8565
8562
8561
8561
8561
8561
8560
8560
8559
8559
8557
8556
8556
8555
8554
8554
8552
8551
8550
8550
8549
8547
8547
8541
8539
8538
8534
8532
8531
8530
8529
8529
8527
8526
8524
8524
8523
8523
8521
8521
8521
8520
8517
8517
8517
8517
8516
8515
8514
8514
8514
8514
8512
8512
8511
8510
8510
8509
8508
8508
8508
8506
8505
8499
8499
8498
8497
8496
8495
8495
8495
8495
8495
8493
8493
8493
8493
8492
8491
8489
8487
8487
8487
8484
8482
8481
8480
8480
8477
8477
8477
8476
8474
8472
8471
8471
8468
8468
8466
8465
8465
8463
8462
8460
8459
8459
8458
8456
8456
8455
8454
8454
8454
8452
8451
8450
8448
8448
8446
8446
8446
8446
8445
8445
8444
8443
8441
8438
8438
8438
8437
8437
8436
8435
8435
8434
8433
8432
8431
8430
8430
8429
8428
8428
8427
8425
8425
8424
8423
8420
8418
8417
8416
8414
8411
8410
8410
8407
8405
8405
8404
8401
8398
8394
8392
8392
8391
8391
8390
8390
8389
8388
8388
8387
8386
8386
8385
8381
8380
8379
8376
8375
8375
8372
8371
8371
8370
8370
8369
8369
8367
8366
8365
8364
8364
8363
8361
8361
8359
8357
8356
8356
8356
8355
8354
8354
8354
8354
8352
8351
8350
8350
8349
8348
8348
8347
8346
8342
8341
8340
8339
8339
8339
8336
8335
8335
8335
8333
8332
8330
8328
8326
8325
8324
8324
8324
8323
8322
8322
8321
8320
8319
8319
8319
8317
8316
8315
8315
8313
8312
8312
8310
8310
8310
8309
8308
8308
8308
8307
8307
8306
8306
8306
8303
8303
8299
8298
8298
8298
8297
8296
8295
8292
8291
8288
8288
8288
8287
8287
8285
8285
8283
8283
8283
8282
8279
8279
8278
8277
8276
8276
8275
8275
8275
8274
8272
8270
8270
8269
8268
8268
8268
8267
8266
8266
8265
8264
8264
8264
8263
8263
8261
8258
8257
8257
8256
8254
8254
8247
8246
8246
8244
8242
8242
8242
8241
8241
8241
8240
8240
8240
8239
8237
8234
8231
8231
8229
8227
8226
8225
8224
8224
8223
8219
8218
8217
8215
8215
8214
8214
8213
8212
8209
8207
8206
8205
8205
8204
8204
8203
8203
8201
8201
8200
8199
8197
8197
8197
8194
8193
8192
8191
8191
8191
8190
8190
8183
8180
8180
8180
8179
8177
8176
8176
8175
8174
8174
8173
8172
8172
8172
8171
8171
8168
8167
8167
8165
8165
8164
8163
8162
8162
8161
8160
8159
8157
8153
8152
8152
8151
8147
8145
8144
8142
8142
8142
8142
8142
8141
8140
8138
8137
8137
8135
8135
8134
8134
8133
8131
8130
8128
8125
8125
8125
8124
8124
8122
8118
8116
8115
8113
8110
8109
8109
8108
8107
8107
8106
8105
8105
8105
8103
8103
8101
8100
8098
8097
8097
8097
8094
8092
8091
8091
8090
8090
8087
8086
8086
8084
8081
8080
8079
8077
8076
8075
8075
8074
8071
8071
8070
8069
8069
8069
8068
8065
8064
8064
8058
8057
8057
8057
8056
8054
8054
8053
8052
8052
8052
8050
8048
8048
8046
8045
8045
8041
8041
8039
8039
8038
8036
8034
8032
8032
8029
8028
8027
8026
8022
8021
8020
8020
8017
8017
8017
8015
8013
8013
8012
8011
8011
8008
8008
8004
8002
8002
8001
7999
7999
7998
7997
7996
7995
7994
7994
7993
7993
7992
7990
7989
7988
7985
7981
7981
7980
7980
7980
7979
7978
7978
7976
7975
7974
7973
7972
7971
7970
7969
7965
7964
7962
7958
7955
7952
7952
7951
7949
7948
7947
7944
7944
7944
7943
7941
7941
7941
7941
7940
7940
7939
7939
7938
7937
7936
7935
7935
7932
7930
7930
7929
7928
7927
7926
7924
7924
7924
7923
7923
7921
7921
7920
7920
7919
7918
7917
7917
7916
7916
7915
7915
7915
7914
7913
7913
7911
7909
7909
7908
7908
7908
7907
7905
7904
7904
7903
7903
7902
7901
7900
7899
7896
7894
7893
7892
7891
7891
7891
7886
7885
7883
7883
7882
7882
7882
7879
7876
7874
7873
7873
7872
7871
7870
7867
7866
7866
7866
7864
7864
7864
7863
7863
7863
7859
7858
7857
7856
7855
7852
7851
7851
7849
7848
7847
7846
7846
7843
7843
7841
7840
7840
7839
7838
7835
7834
7834
7833
7833
7832
7829
7823
7822
7822
7819
7819
7817
7816
7815
7815
7814
7808
7806
7804
7803
7803
7803
7802
7801
7800
7799
7797
7796
7796
7796
7796
7794
7793
7793
7793
7792
7791
7791
7791
7791
7790
7788
7784
7783
7783
7782
7782
7781
7780
7780
7780
7779
7779
7779
7779
7778
7777
7777
7776
7774
7773
7769
7768
7767
7766
7766
7765
7765
7765
7764
7764
7763
7763
7762
7760
7760
7757
7753
7753
7752
7752
7751
7749
7749
7749
7746
7745
7745
7743
7743
7743
7743
7741
7741
7741
7741
7741
7741
7740
7740
7740
7738
7735
7734
7734
7734
7732
7732
7731
7731
7730
7729
7726
7726
7726
7725
7724
7724
7724
7723
7722
7721
7719
7715
7715
7714
7713
7713
7712
7712
7711
7711
7711
7710
7710
7709
7709
7707
7705
7704
7702
7701
7701
7701
7699
7699
7699
7698
7697
7696
7696
7694
7694
7691
7690
7689
7689
7687
7687
7687
7686
7686
7686
7685
7684
7683
7682
7682
7682
7680
7677
7676
7673
7672
7671
7671
7670
7665
7665
7664
7664
7664
7663
7662
7659
7659
7659
7658
7655
7653
7653
7653
7652
7651
7650
7650
7650
7649
7648
7648
7647
7646
7646
7645
7644
7642
7642
7642
7641
7639
7639
7638
7637
7636
7632
7632
7631
7630
7627
7625
7624
7623
7620
7620
7619
7618
7617
7616
7616
7614
7612
7612
7611
7610
7608
7607
7606
7606
7606
7605
7605
7604
7603
7603
7601
7601
7600
7599
7598
7597
7595
7595
7594
7589
7587
7585
7584
7583
7582
7582
7581
7580
7578
7577
7577
7576
7575
7575
7575
7575
7574
7574
7573
7572
7572
7571
7571
7570
7570
7570
7566
7565
7565
7564
7563
7562
7561
7560
7560
7559
7558
7557
7555
7555
7551
7547
7546
7546
7545
7544
7543
7541
7536
7534
7533
7532
7531
7531
7531
7530
7530
7530
7528
7528
7525
7524
7523
7523
7522
7522
7520
7519
7517
7517
7516
7515
7514
7514
7512
7511
7511
7511
7508
7507
7506
7506
7506
7505
7503
7503
7503
7501
7500
7500
7498
7497
7496
7493
7492
7491
7491
7491
7490
7489
7489
7488
7484
7483
7483
7483
7482
7480
7480
7479
7479
7478
7478
7478
7475
7475
7474
7473
7473
7471
7470
7468
7465
7464
7463
7463
7462
7460
7459
7457
7454
7454
7452
7451
7451
7451
7448
7447
7442
7441
7439
7439
7438
7436
7433
7433
7432
7432
7432
7431
7430
7429
7429
7429
7428
7428
7427
7424
7424
7423
7422
7420
7418
7418
7417
7416
7415
7414
7414
7414
7413
7413
7412
7412
7410
7406
7404
7403
7400
7399
7399
7398
7395
7395
7395
7395
7394
7393
7393
7391
7390
7390
7390
7389
7387
7386
7385
7385
7383
7381
7380
7379
7374
7374
7373
7372
7372
7371
7368
7367
7367
7366
7366
7366
7365
7364
7364
7363
7360
7359
7356
7355
7354
7353
7353
7352
7349
7349
7349
7349
7348
7347
7346
7345
7345
7342
7341
7340
7339
7339
7337
7333
7332
7329
7329
7328
7327
7326
7325
7324
7324
7324
7323
7323
7323
7322
7320
7320
7313
7312
7311
7311
7310
7309
7307
7307
7307
7306
7306
7305
7304
7303
7301
7301
7300
7300
7299
7299
7299
7297
7297
7296
7295
7295
7294
7293
7293
7290
7287
7287
7282
7280
7280
7278
7277
7277
7275
7274
7274
7272
7270
7269
7267
7266
7263
7263
7261
7260
7260
7260
7259
7259
7259
7257
7256
7254
7254
7253
7252
7252
7251
7251
7250
7250
7250
7248
7248
7246
7245
7242
7240
7239
7239
7237
7236
7235
7234
7234
7231
7230
7230
7228
7227
7226
7224
7223
7219
7218
7218
7217
7216
7216
7216
7215
7213
7212
7211
7211
7211
7210
7209
7209
7207
7207
7206
7205
7203
7198
7198
7198
7193
7193
7193
7192
7189
7189
7183
7183
7183
7182
7180
7180
7179
7178
7175
7175
7173
7171
7170
7170
7169
7168
7167
7166
7166
7165
7161
7160
7159
7159
7157
7156
7156
7156
7155
7155
7154
7154
7152
7150
7150
7149
7148
7146
7146
7143
7142
7141
7141
7141
7141
7140
7139
7138
7137
7137
7136
7135
7134
7134
7134
7133
7133
7131
7131
7128
7127
7126
7125
7124
7122
7122
7120
7120
7120
7119
7116
7112
7112
7112
7111
7111
7111
7109
7109
7108
7107
7104
7103
7101
7100
7100
7099
7098
7097
7095
7094
7092
7092
7091
7090
7090
7090
7090
7090
7089
7089
7088
7088
7087
7086
7085
7084
7083
7083
7083
7083
7082
7082
7081
7081
7080
7080
7080
7080
7078
7076
7074
7072
7072
7071
7069
7069
7065
7064
7061
7059
7058
7056
7056
7055
7055
7055
7054
7051
7051
7050
7048
7048
7048
7048
7047
7045
7045
7043
7042
7041
7040
7040
7039
7037
7037
7036
7036
7035
7032
7031
7030
7030
7029
7029
7028
7026
7026
7023
7023
7023
7022
7022
7020
7020
7020
7020
7019
7019
7018
7017
7016
7014
7014
7012
7012
7010
7010
7010
7010
7010
7009
7008
7008
7008
7006
7003
6999
6998
6996
6996
6995
6994
6993
6993
6992
6989
6983
6981
6980
6980
6978
6977
6977
6976
6970
6966
6966
6965
6963
6963
6962
6961
6960
6958
6958
6957
6957
6957
6956
6955
6954
6953
6953
6952
6950
6949
6949
6949
6948
6945
6945
6944
6944
6942
6941
6940
6940
6940
6939
6937
6936
6935
6931
6931
6930
6929
6929
6929
6929
6929
6928
6927
6926
6925
6925
6921
6921
6921
6920
6920
6918
6915
6914
6913
6913
6910
6909
6907
6906
6906
6905
6905
6904
6904
6903
6902
6902
6901
6900
6899
6898
6895
6894
6890
6889
6889
6886
6886
6885
6885
6884
6883
6883
6880
6879
6879
6878
6877
6877
6876
6874
6872
6870
6870
6870
6868
6866
6866
6866
6866
6865
6863
6862
6861
6860
6859
6859
6858
6858
6858
6857
6855
6855
6854
6854
6853
6852
6852
6846
6844
6843
6842
6842
6842
6840
6840
6839
6838
6838
6836
6835
6834
6833
6832
6831
6831
6829
6826
6826
6824
6824
6823
6823
6821
6820
6819
6816
6815
6814
6814
6812
6812
6810
6810
6808
6808
6806
6806
6802
6801
6799
6796
6795
6795
6795
6794
6792
6792
6791
6791
6789
6789
6789
6787
6787
6785
6785
6784
6781
6778
6776
6775
6774
6774
6774
6774
6773
6771
6771
6770
6769
6767
6766
6764
6763
6762
6761
6760
6758
6757
6756
6755
6752
6752
6751
6751
6750
6748
6745
6745
6745
6744
6744
6744
6743
6740
6738
6736
6735
6734
6733
6731
6731
6729
6729
6728
6725
6725
6725
6722
6719
6717
6715
6714
6714
6714
6712
6710
6708
6708
6707
6707
6706
6705
6704
6703
6701
6701
6701
6701
6700
6697
6697
6697
6696
6696
6695
6695
6695
6693
6692
6691
6691
6690
6689
6689
6687
6683
6682
6682
6680
6680
6679
6675
6674
6672
6671
6671
6670
6669
6664
6661
6660
6660
6660
6660
6660
6658
6658
6658
6658
6657
6657
6656
6655
6653
6652
6652
6652
6650
6649
6649
6648
6648
6647
6647
6647
6647
6647
6647
6644
6643
6642
6641
6640
6640
6640
6639
6639
6638
6635
6635
6633
6632
6632
6632
6631
6630
6629
6628
6625
6622
6621
6621
6620
6620
6619
6618
6618
6615
6615
6613
6613
6612
6611
6610
6609
6605
6603
6602
6602
6602
6602
6601
6601
6597
6596
6595
6592
6592
6590
6589
6589
6588
6588
6587
6587
6586
6585
6584
6580
6578
6577
6576
6575
6574
6574
6574
6573
6571
6571
6570
6569
6569
6564
6563
6563
6561
6560
6559
6559
6559
6559
6558
6558
6557
6555
6554
6553
6553
6553
6553
6552
6550
6548
6547
6545
6543
6542
6542
6541
6540
6539
6536
6534
6532
6529
6529
6525
6523
6523
6521
6520
6519
6519
6518
6518
6517
6516
6516
6515
6515
6515
6514
6513
6513
6513
6511
6510
6509
6509
6509
6508
6507
6506
6505
6505
6505
6505
6503
6503
6502
6499
6499
6498
6498
6498
6496
6495
6495
6490
6489
6489
6487
6486
6486
6484
6482
6480
6478
6477
6474
6473
6473
6472
6470
6468
6466
6466
6465
6464
6464
6464
6460
6460
6459
6459
6458
6458
6457
6457
6457
6455
6454
6452
6451
6449
6443
6442
6441
6441
6441
6441
6440
6439
6438
6436
6435
6434
6431
6430
6429
6429
6427
6427
6423
6423
6423
6422
6422
6421
6420
6420
6419
6418
6418
6417
6416
6414
6413
6411
6410
6409
6406
6405
6404
6402
6401
6401
6400
6400
6399
6399
6398
6397
6396
6395
6395
6394
6390
6388
6387
6387
6386
6385
6382
6382
6379
6379
6378
6376
6376
6376
6374
6373
6372
6372
6372
6370
6369
6368
6368
6367
6367
6367
6364
6362
6362
6362
6361
6358
6357
6353
6353
6351
6350
6349
6347
6347
6344
6343
6342
6342
6342
6341
6341
6341
6340
6339
6338
6335
6334
6333
6332
6332
6332
6331
6331
6330
6329
6328
6328
6328
6326
6326
6326
6324
6324
6324
6322
6318
6318
6318
6317
6315
6314
6314
6312
6311
6308
6307
6306
6306
6305
6305
6302
6302
6302
6301
6298
6297
6297
6296
6296
6294
6294
6294
6294
6293
6293
6292
6291
6289
6287
6287
6287
6285
6284
6283
6282
6281
6281
6278
6277
6273
6271
6269
6268
6266
6263
6262
6262
6261
6260
6260
6260
6259
6259
6259
6258
6255
6255
6253
6251
6251
6250
6247
6246
6245
6243
6241
6240
6239
6237
6237
6237
6236
6233
6233
6232
6232
6230
6230
6230
6230
6229
6229
6228
6227
6225
6225
6221
6220
6219
6219
6216
6214
6214
6213
6213
6212
6211
6210
6210
6209
6209
6208
6208
6208
6207
6206
6206
6204
6204
6203
6203
6202
6201
6197
6194
6193
6193
6192
6191
6190
6190
6189
6188
6187
6187
6185
6184
6184
6184
6183
6182
6181
6180
6180
6179
6177
6177
6177
6177
6176
6176
6175
6175
6173
6172
6170
6170
6168
6166
6165
6164
6163
6161
6161
6160
6160
6157
6157
6155
6153
6152
6151
6151
6149
6148
6147
6147
6147
6145
6145
6141
6139
6138
6137
6137
6135
6134
6132
6132
6132
6131
6129
6127
6127
6127
6127
6125
6125
6124
6122
6121
6118
6117
6117
6117
6116
6115
6115
6115
6114
6114
6113
6113
6112
6110
6108
6108
6108
6107
6105
6105
6104
6104
6103
6101
6099
6098
6097
6096
6095
6092
6092
6090
6090
6089
6088
6087
6087
6084
6082
6081
6079
6078
6077
6075
6075
6073
6069
6068
6066
6066
6065
6062
6062
6060
6059
6059
6059
6059
6059
6057
6055
6055
6054
6053
6051
6048
6048
6048
6046
6045
6045
6042
6041
6039
6039
6038
6036
6036
6035
6035
6035
6034
6034
6033
6031
6029
6027
6025
6025
6024
6023
6022
6020
6020
6020
6019
6018
6017
6017
6015
6015
6013
6012
6008
6006
6006
6005
6005
6003
6003
6001
6001
6000
6000
5998
5998
5993
5992
5991
5991
5989
5989
5988
5988
5985
5981
5980
5980
5976
5975
5975
5975
5974
5973
5973
5972
5971
5970
5970
5970
5968
5967
5967
5966
5965
5964
5963
5963
5963
5963
5962
5962
5961
5960
5956
5956
5954
5954
5953
5953
5952
5951
5951
5951
5950
5949
5947
5946
5945
5945
5944
5942
5939
5937
5937
5932
5931
5931
5930
5930
5929
5928
5927
5925
5924
5924
5924
5923
5922
5922
5920
5919
5918
5917
5917
5915
5914
5914
5913
5909
5909
5909
5907
5905
5903
5902
5901
5900
5899
5896
5894
5894
5893
5893
5891
5891
5891
5890
5890
5889
5889
5889
5888
5887
5886
5886
5885
5882
5880
5880
5880
5879
5879
5879
5879
5879
5878
5878
5877
5876
5876
5875
5874
5874
5873
5872
5871
5871
5870
5869
5869
5867
5866
5865
5865
5865
5864
5864
5864
5864
5863
5863
5862
5862
5862
5861
5860
5860
5859
5857
5856
5855
5854
5853
5852
5852
5849
5847
5847
5847
5845
5844
5844
5844
5842
5841
5835
5835
5833
5832
5832
5830
5829
5829
5828
5826
5826
5826
5825
5824
5824
5824
5823
5823
5823
5822
5822
5821
5819
5817
5816
5814
5812
5812
5812
5812
5812
5812
5811
5809
5808
5808
5806
5799
5799
5798
5797
5796
5795
5794
5791
5791
5790
5790
5789
5786
5786
5785
5785
5784
5784
5783
5783
5781
5781
5780
5780
5780
5779
5778
5778
5775
5773
5773
5772
5772
5771
5771
5770
5769
5769
5769
5768
5768
5768
5768
5766
5765
5765
5764
5764
5762
5761
5760
5757
5756
5756
5756
5756
5753
5752
5751
5750
5749
5749
5749
5747
5746
5745
5744
5743
5742
5741
5740
5739
5739
5738
5738
5738
5737
5735
5733
5729
5728
5728
5727
5726
5726
5723
5723
5722
5721
5721
5720
5719
5718
5717
5716
5716
5716
5715
5714
5713
5711
5710
5708
5708
5705
5705
5705
5703
5702
5702
5700
5700
5698
5698
5698
5695
5694
5689
5688
5685
5685
5685
5684
5684
5682
5681
5680
5679
5679
5678
5678
5676
5674
5672
5670
5669
5669
5667
5667
5665
5665
5663
5663
5662
5661
5660
5660
5659
5659
5657
5655
5655
5655
5653
5652
5650
5649
5646
5645
5644
5644
5642
5641
5639
5639
5638
5638
5637
5637
5633
5632
5629
5627
5627
5626
5626
5626
5625
5624
5624
5622
5622
5622
5621
5619
5619
5619
5618
5616
5616
5615
5614
5613
5611
5610
5609
5606
5605
5605
5604
5603
5603
5599
5598
5597
5593
5593
5593
5591
5590
5589
5586
5585
5585
5585
5584
5584
5584
5584
5583
5583
5579
5578
5578
5578
5577
5576
5576
5574
5573
5571
5571
5571
5570
5568
5568
5568
5567
5567
5567
5567
5565
5565
5564
5562
5562
5561
5560
5559
5558
5558
5558
5557
5555
5554
5553
5550
5550
5549
5548
5548
5547
5545
5544
5543
5542
5542
5541
5541
5539
5534
5531
5531
5529
5529
5528
5528
5527
5526
5526
5524
5524
5522
5522
5520
5519
5519
5518
5517
5517
5517
5514
5514
5513
5513
5512
5511
5511
5510
5509
5508
5508
5508
5507
5507
5507
5504
5503
5496
5496
5496
5495
5494
5494
5493
5492
5491
5491
5490
5490
5487
5487
5486
5485
5485
5485
5484
5484
5483
5483
5483
5482
5481
5480
5478
5478
5478
5476
5476
5475
5475
5475
5474
5471
5471
5471
5469
5466
5466
5466
5465
5458
5458
5457
5455
5455
5455
5455
5454
5452
5452
5451
5451
5447
5447
5445
5445
5445
5445
5445
5444
5444
5441
5441
5440
5439
5433
5433
5432
5431
5431
5429
5428
5427
5427
5426
5426
5426
5424
5423
5422
5419
5417
5416
5415
5415
5414
5412
5411
5410
5409
5409
5408
5408
5404
5402
5402
5400
5399
5399
5397
5396
5396
5394
5392
5391
5390
5390
5388
5386
5386
5385
5385
5385
5385
5384
5384
5384
5383
5383
5381
5381
5380
5380
5379
5375
5374
5374
5367
5365
5363
5358
5358
5358
5356
5356
5356
5354
5353
5352
5351
5351
5349
5346
5345
5344
5342
5340
5336
5334
5334
5334
5333
5332
5332
5332
5330
5328
5327
5325
5325
5324
5323
5322
5322
5321
5321
5320
5318
5318
5317
5317
5314
5314
5314
5313
5311
5309
5308
5307
5304
5302
5301
5300
5300
5299
5299
5299
5298
5294
5294
5292
5292
5291
5289
5289
5287
5286
5285
5283
5280
5280
5279
5277
5277
5276
5276
5275
5274
5274
5274
5273
5271
5271
5271
5269
5267
5264
5264
5264
5264
5262
5261
5260
5259
5258
5257
5257
5257
5256
5256
5256
5254
5254
5252
5251
5250
5249
5248
5246
5246
5246
5246
5243
5242
5242
5241
5241
5240
5240
5237
5237
5236
5236
5235
5234
5234
5233
5233
5232
5228
5228
5227
5224
5224
5223
5221
5221
5220
5218
5218
5217
5217
5216
5213
5212
5212
5211
5210
5209
5207
5206
5205
5203
5203
5201
5201
5200
5199
5199
5199
5195
5194
5194
5192
5191
5191
5189
5189
5187
5187
5186
5185
5183
5181
5181
5180
5180
5179
5179
5178
5177
5174
5172
5171
5168
5168
5167
5163
5162
5158
5157
5157
5156
5155
5154
5153
5150
5149
5149
5149
5148
5147
5147
5145
5145
5144
5144
5144
5144
5143
5141
5139
5139
5139
5139
5136
5132
5132
5130
5129
5128
5127
5125
5124
5124
5123
5120
5120
5118
5118
5117
5115
5115
5115
5114
5112
5112
5112
5111
5111
5111
5110
5110
5110
5110
5109
5107
5106
5104
5103
5102
5100
5099
5099
5097
5096
5095
5094
5094
5093
5092
5092
5091
5090
5090
5090
5088
5085
5083
5081
5080
5080
5079
5079
5079
5078
5078
5078
5077
5076
5070
5070
5070
5069
5067
5067
5066
5066
5065
5065
5064
5064
5064
5063
5061
5059
5055
5053
5053
5053
5050
5049
5049
5048
5047
5047
5043
5041
5040
5039
5038
5036
5035
5033
5033
5031
5030
5029
5028
5028
5027
5025
5024
5024
5023
5020
5020
5018
5018
5017
5017
5017
5016
5016
5015
5011
5010
5009
5008
5005
5004
5003
5002
5001
5001
4999
4999
4998
4996
4996
4991
4991
4990
4990
4990
4990
4987
4985
4984
4983
4983
4983
4983
4981
4981
4980
4979
4979
4976
4975
4973
4973
4973
4971
4970
4970
4970
4969
4967
4967
4966
4965
4962
4960
4960
4959
4958
4957
4956
4954
4953
4950
4948
4948
4947
4947
4946
4946
4944
4944
4943
4941
4940
4939
4937
4937
4933
4932
4932
4932
4932
4932
4931
4931
4928
4927
4927
4927
4926
4926
4926
4924
4922
4921
4921
4920
4919
4919
4918
4917
4916
4915
4914
4914
4914
4912
4911
4911
4910
4909
4907
4906
4906
4906
4905
4904
4904
4903
4903
4902
4901
4901
4900
4899
4899
4899
4898
4897
4894
4894
4894
4891
4891
4890
4889
4889
4889
4888
4888
4888
4887
4886
4884
4883
4883
4882
4881
4878
4877
4876
4876
4876
4874
4874
4874
4873
4870
4869
4869
4869
4867
4866
4865
4861
4859
4856
4856
4853
4852
4849
4848
4843
4843
4842
4841
4839
4838
4838
4837
4837
4836
4836
4833
4832
4832
4831
4830
4830
4829
4829
4828
4828
4826
4826
4826
4825
4825
4822
4821
4820
4820
4820
4819
4819
4817
4817
4817
4817
4816
4816
4815
4815
4813
4812
4812
4810
4810
4809
4809
4808
4808
4807
4807
4806
4805
4803
4803
4800
4799
4797
4797
4795
4795
4794
4794
4794
4794
4793
4793
4793
4792
4791
4791
4790
4790
4788
4787
4786
4786
4785
4785
4783
4783
4781
4781
4780
4780
4778
4778
4777
4776
4774
4774
4774
4773
4770
4769
4769
4768
4768
4765
4762
4761
4761
4759
4758
4756
4756
4755
4755
4754
4754
4752
4751
4750
4749
4749
4748
4745
4745
4744
4744
4742
4741
4740
4740
4737
4736
4736
4734
4733
4732
4731
4729
4728
4728
4722
4722
4721
4721
4720
4720
4718
4718
4718
4718
4718
4716
4715
4714
4713
4711
4710
4710
4710
4709
4709
4708
4707
4707
4705
4704
4704
4703
4702
4701
4700
4700
4699
4698
4698
4697
4696
4696
4696
4695
4695
4694
4694
4693
4690
4690
4688
4686
4685
4683
4683
4682
4681
4680
4677
4676
4676
4675
4673
4672
4671
4671
4670
4668
4668
4667
4667
4666
4666
4665
4665
4665
4662
4662
4661
4659
4658
4657
4656
4655
4655
4655
4653
4651
4651
4651
4651
4650
4650
4648
4648
4648
4647
4647
4646
4643
4642
4642
4642
4641
4640
4639
4638
4634
4634
4633
4630
4629
4627
4626
4625
4625
4625
4623
4621
4620
4619
4619
4619
4618
4618
4618
4615
4615
4614
4614
4612
4610
4610
4610
4608
4608
4607
4606
4606
4606
4605
4604
4602
4601
4601
4600
4600
4599
4597
4597
4597
4597
4596
4596
4595
4595
4594
4592
4592
4592
4591
4591
4591
4589
4588
4588
4586
4585
4584
4583
4583
4582
4581
4581
4580
4579
4579
4579
4578
4578
4578
4577
4577
4575
4575
4572
4572
4571
4571
4570
4570
4568
4567
4567
4566
4565
4564
4562
4561
4559
4558
4558
4558
4556
4556
4553
4552
4550
4550
4547
4547
4546
4544
4544
4543
4542
4541
4540
4539
4537
4537
4537
4537
4536
4536
4535
4534
4533
4533
4532
4532
4531
4530
4530
4528
4528
4527
4527
4526
4525
4525
4523
4523
4523
4522
4521
4518
4518
4517
4516
4515
4515
4512
4512
4510
4509
4508
4508
4508
4508
4507
4507
4506
4506
4506
4505
4504
4503
4503
4500
4499
4497
4497
4497
4496
4496
4496
4495
4493
4490
4489
4489
4488
4485
4485
4484
4484
4484
4484
4482
4482
4481
4481
4481
4479
4479
4478
4477
4477
4477
4477
4475
4474
4474
4470
4470
4470
4470
4468
4462
4461
4461
4460
4460
4459
4458
4455
4455
4455
4454
4451
4451
4448
4446
4445
4443
4443
4443
4440
4439
4438
4437
4436
4435
4434
4432
4429
4428
4427
4426
4422
4421
4421
4419
4419
4419
4417
4416
4415
4415
4415
4414
4414
4413
4411
4410
4410
4409
4409
4409
4408
4407
4405
4405
4404
4402
4401
4399
4397
4397
4396
4395
4395
4394
4393
4393
4391
4391
4390
4390
4389
4388
4388
4387
4385
4384
4384
4382
4381
4377
4373
4368
4367
4364
4362
4362
4360
4360
4359
4359
4358
4356
4352
4351
4351
4351
4350
4349
4348
4347
4347
4347
4346
4346
4345
4343
4341
4340
4337
4334
4332
4332
4331
4331
4330
4330
4329
4328
4326
4326
4325
4323
4323
4322
4321
4320
4319
4319
4316
4315
4312
4309
4307
4305
4304
4304
4303
4301
4301
4299
4298
4298
4298
4297
4296
4295
4295
4294
4292
4291
4291
4288
4287
4287
4286
4284
4284
4284
4284
4284
4283
4283
4281
4280
4279
4276
4275
4273
4273
4272
4270
4270
4270
4267
4267
4265
4265
4265
4264
4264
4263
4263
4262
4262
4262
4262
4261
4261
4255
4254
4250
4248
4247
4247
4245
4241
4240
4238
4237
4236
4236
4236
4235
4233
4233
4231
4229
4228
4228
4226
4225
4224
4223
4222
4222
4221
4219
4218
4217
4217
4215
4212
4212
4211
4210
4209
4208
4207
4207
4207
4205
4205
4204
4204
4204
4202
4201
4201
4201
4201
4197
4196
4194
4193
4192
4192
4192
4190
4189
4186
4183
4183
4182
4180
4179
4177
4176
4176
4172
4171
4171
4170
4170
4169
4169
4169
4167
4166
4166
4165
4163
4161
4160
4159
4159
4155
4155
4155
4152
4151
4150
4150
4149
4149
4146
4146
4144
4143
4143
4142
4141
4140
4139
4139
4139
4139
4139
4137
4135
4135
4134
4134
4134
4132
4132
4131
4129
4128
4128
4127
4125
4124
4123
4121
4121
4120
4119
4118
4118
4118
4115
4112
4111
4111
4110
4108
4105
4105
4103
4101
4100
4100
4099
4098
4098
4098
4097
4096
4096
4096
4095
4094
4093
4093
4093
4093
4093
4092
4091
4088
4086
4083
4083
4082
4082
4081
4081
4079
4079
4079
4078
4077
4077
4076
4074
4074
4073
4073
4072
4071
4069
4067
4066
4065
4065
4063
4061
4061
4060
4059
4059
4059
4057
4055
4052
4052
4049
4049
4049
4048
4048
4046
4046
4042
4042
4040
4040
4038
4036
4036
4033
4033
4032
4031
4029
4029
4028
4027
4027
4027
4026
4025
4024
4023
4023
4021
4020
4020
4019
4018
4017
4016
4016
4016
4014
4013
4013
4012
4010
4010
4009
4009
4008
4008
4007
4007
4006
4006
4004
4003
4002
4002
4000
4000
3999
3998
3997
3997
3996
3996
3995
3994
3994
3992
3991
3989
3986
3982
3982
3980
3980
3979
3979
3978
3976
3975
3975
3975
3975
3974
3974
3974
3973
3969
3969
3968
3967
3964
3964
3962
3962
3961
3960
3958
3957
3956
3955
3955
3953
3952
3951
3950
3948
3947
3945
3943
3942
3941
3941
3940
3940
3939
3938
3934
3934
3934
3934
3934
3933
3932
3931
3931
3929
3927
3926
3926
3926
3926
3925
3925
3924
3919
3917
3917
3916
3914
3914
3914
3914
3912
3911
3911
3909
3909
3907
3906
3906
3906
3904
3903
3903
3903
3901
3900
3898
3898
3897
3896
3896
3895
3895
3895
3893
3893
3890
3890
3886
3886
3885
3884
3880
3880
3879
3877
3874
3874
3873
3873
3872
3871
3870
3870
3870
3869
3869
3869
3868
3868
3867
3867
3866
3864
3864
3864
3864
3864
3861
3858
3857
3856
3856
3855
3853
3852
3852
3852
3851
3846
3845
3845
3843
3842
3839
3839
3838
3837
3837
3836
3835
3834
3834
3832
3832
3830
3830
3827
3826
3826
3824
3823
3821
3819
3819
3817
3816
3812
3811
3810
3808
3808
3807
3807
3805
3805
3804
3803
3801
3799
3798
3798
3797
3796
3793
3793
3793
3793
3793
3793
3791
3788
3787
3784
3784
3783
3783
3783
3782
3782
3781
3780
3779
3779
3778
3778
3777
3777
3776
3776
3775
3772
3770
3769
3767
3766
3766
3765
3765
3764
3763
3761
3761
3761
3760
3758
3758
3756
3755
3752
3752
3751
3751
3750
3750
3748
3747
3746
3746
3746
3744
3743
3740
3739
3737
3736
3733
3733
3732
3732
3727
3726
3726
3725
3725
3723
3723
3723
3721
3721
3719
3717
3716
3715
3714
3712
3712
3712
3712
3709
3709
3708
3707
3706
3706
3706
3705
3704
3703
3701
3701
3701
3700
3700
3699
3699
3698
3697
3697
3696
3695
3695
3695
3695
3693
3690
3688
3686
3686
3684
3683
3683
3681
3680
3677
3677
3674
3674
3673
3673
3673
3673
3672
3671
3671
3669
3668
3667
3665
3664
3664
3661
3660
3657
3656
3656
3655
3655
3655
3653
3652
3650
3649
3649
3648
3647
3643
3643
3642
3641
3641
3640
3639
3638
3636
3636
3636
3636
3633
3632
3631
3630
3629
3627
3627
3624
3623
3623
3622
3621
3619
3619
3618
3617
3616
3615
3615
3613
3613
3609
3605
3605
3603
3603
3602
3602
3600
3600
3599
3599
3592
3592
3592
3590
3588
3587
3587
3587
3587
3585
3584
3583
3582
3581
3581
3581
3581
3581
3579
3579
3579
3578
3578
3577
3575
3572
3570
3569
3568
3568
3568
3566
3566
3566
3564
3563
3560
3558
3558
3556
3555
3555
3555
3554
3554
3552
3552
3550
3550
3547
3547
3546
3546
3546
3544
3543
3540
3539
3539
3538
3537
3536
3533
3532
3532
3531
3529
3528
3525
3525
3524
3524
3523
3521
3520
3519
3519
3517
3517
3517
3516
3515
3515
3514
3513
3512
3511
3507
3506
3506
3505
3502
3502
3501
3500
3499
3498
3498
3497
3496
3495
3495
3494
3491
3491
3491
3490
3489
3489
3487
3486
3485
3484
3483
3482
3481
3481
3479
3475
3475
3474
3474
3473
3473
3471
3470
3470
3469
3468
3468
3467
3466
3465
3465
3462
3462
3461
3461
3460
3460
3459
3457
3456
3456
3456
3455
3455
3454
3454
3454
3453
3453
3452
3450
3449
3449
3449
3446
3443
3443
3443
3442
3441
3441
3439
3438
3436
3436
3435
3434
3434
3433
3433
3433
3432
3429
3429
3428
3428
3428
3427
3426
3426
3425
3422
3422
3421
3421
3420
3419
3419
3417
3417
3416
3416
3415
3413
3409
3408
3408
3407
3406
3403
3402
3400
3400
3399
3399
3395
3393
3392
3392
3389
3388
3387
3386
3386
3380
3378
3378
3376
3376
3375
3375
3374
3374
3374
3372
3370
3369
3367
3367
3366
3365
3365
3363
3361
3361
3360
3359
3359
3358
3357
3354
3353
3353
3351
3350
3349
3349
3348
3348
3348
3345
3344
3343
3343
3342
3342
3340
3339
3339
3339
3339
3338
3337
3337
3336
3336
3336
3333
3333
3333
3332
3329
3328
3328
3327
3326
3325
3324
3324
3323
3323
3323
3322
3319
3316
3316
3316
3314
3312
3312
3311
3310
3310
3309
3308
3307
3307
3306
3304
3304
3301
3297
3297
3294
3293
3293
3292
3292
3291
3291
3290
3289
3289
3288
3286
3286
3286
3285
3285
3282
3279
3278
3275
3275
3274
3274
3273
3272
3270
3270
3270
3270
3269
3268
3267
3267
3267
3266
3264
3264
3263
3262
3260
3257
3254
3254
3253
3252
3251
3246
3246
3243
3242
3242
3241
3240
3239
3239
3239
3238
3237
3236
3235
3234
3232
3231
3229
3229
3229
3227
3226
3226
3224
3224
3222
3219
3215
3214
3214
3213
3211
3209
3208
3208
3206
3205
3194
3193
3192
3192
3191
3191
3190
3190
3188
3187
3186
3185
3184
3184
3184
3183
3182
3182
3181
3180
3179
3178
3178
3177
3177
3175
3172
3171
3170
3169
3166
3166
3165
3165
3165
3163
3161
3160
3160
3159
3159
3158
3158
3158
3157
3157
3151
3149
3149
3147
3146
3145
3145
3144
3144
3143
3143
3142
3141
3140
3139
3139
3137
3136
3135
3135
3134
3134
3134
3130
3128
3127
3127
3125
3125
3125
3125
3124
3123
3123
3123
3123
3122
3119
3118
3118
3117
3116
3116
3116
3113
3113
3110
3110
3110
3110
3109
3107
3106
3104
3104
3102
3101
3101
3101
3099
3098
3098
3097
3096
3096
3094
3093
3093
3092
3092
3091
3091
3091
3090
3088
3087
3084
3084
3083
3082
3080
3080
3079
3078
3077
3076
3074
3073
3073
3071
3071
3071
3067
3066
3063
3063
3062
3059
3059
3058
3056
3054
3054
3054
3052
3050
3049
3046
3046
3046
3045
3044
3044
3043
3043
3042
3041
3041
3040
3038
3037
3034
3033
3033
3032
3029
3029
3029
3029
3029
3028
3028
3028
3028
3027
3027
3027
3025
3024
3023
3021
3020
3018
3018
3018
3017
3017
3017
3014
3013
3013
3011
3011
3010
3010
3010
3007
3006
3006
3004
3003
3003
3002
3001
2997
2997
2995
2995
2993
2993
2990
2990
2990
2988
2986
2985
2985
2984
2983
2983
2981
2981
2980
2977
2976
2976
2974
2973
2973
2970
2969
2969
2968
2967
2964
2963
2962
2961
2961
2960
2960
2960
2960
2959
2959
2959
2958
2958
2957
2957
2956
2954
2954
2954
2953
2953
2953
2952
2951
2948
2947
2946
2944
2943
2943
2942
2938
2938
2934
2933
2932
2931
2931
2930
2928
2927
2924
2922
2922
2921
2921
2921
2920
2920
2918
2917
2917
2915
2914
2911
2910
2909
2908
2904
2903
2902
2902
2901
2899
2899
2897
2896
2893
2893
2891
2891
2891
2890
2889
2888
2887
2887
2887
2886
2886
2882
2882
2881
2881
2880
2879
2878
2878
2878
2877
2877
2876
2875
2874
2873
2873
2871
2871
2867
2867
2867
2866
2865
2864
2863
2863
2861
2860
2859
2859
2858
2856
2856
2854
2854
2853
2851
2849
2849
2846
2844
2843
2843
2838
2838
2838
2838
2835
2834
2831
2831
2830
2827
2827
2827
2827
2826
2825
2824
2823
2821
2821
2820
2819
2818
2818
2816
2816
2814
2811
2811
2811
2809
2807
2805
2804
2803
2803
2803
2802
2802
2801
2800
2800
2799
2797
2797
2795
2794
2793
2793
2793
2793
2791
2791
2790
2790
2789
2789
2789
2789
2788
2787
2785
2785
2783
2782
2782
2779
2778
2778
2778
2775
2775
2775
2774
2774
2772
2772
2771
2770
2769
2768
2768
2768
2767
2763
2763
2762
2762
2761
2759
2758
2758
2758
2756
2756
2755
2754
2753
2751
2749
2747
2746
2744
2743
2743
2743
2741
2740
2740
2739
2739
2738
2736
2736
2736
2735
2735
2732
2724
2722
2722
2720
2719
2718
2717
2714
2712
2710
2710
2710
2710
2709
2709
2709
2708
2708
2708
2705
2704
2703
2702
2701
2701
2701
2700
2700
2699
2699
2698
2698
2697
2697
2696
2695
2695
2694
2692
2692
2691
2691
2686
2684
2684
2682
2677
2677
2677
2676
2675
2675
2674
2671
2670
2670
2670
2670
2668
2668
2666
2664
2661
2659
2656
2656
2654
2654
2652
2652
2651
2651
2649
2649
2648
2644
2643
2641
2639
2639
2639
2639
2638
2638
2637
2636
2633
2631
2631
2631
2630
2630
2630
2627
2626
2624
2622
2622
2617
2615
2614
2612
2610
2610
2607
2606
2605
2604
2604
2603
2602
2602
2599
2599
2597
2596
2592
2590
2587
2585
2585
2583
2583
2582
2581
2581
2579
2579
2578
2576
2575
2573
2573
2572
2571
2570
2569
2566
2565
2562
2561
2558
2557
2556
2553
2553
2553
2552
2552
2551
2549
2547
2547
2547
2547
2546
2545
2545
2542
2542
2541
2541
2540
2539
2537
2537
2534
2532
2530
2529
2528
2527
2527
2526
2526
2525
2524
2524
2524
2524
2523
2522
2522
2522
2518
2517
2517
2517
2516
2515
2515
2514
2511
2509
2509
2508
2508
2506
2504
2504
2503
2503
2503
2501
2501
2501
2500
2499
2499
2498
2497
2497
2493
2490
2489
2485
2484
2482
2479
2479
2479
2477
2477
2476
2476
2475
2472
2470
2468
2468
2468
2467
2467
2466
2466
2465
2464
2464
2463
2460
2460
2459
2456
2455
2455
2454
2453
2453
2451
2450
2449
2448
2448
2447
2447
2445
2443
2441
2440
2438
2437
2437
2436
2435
2435
2434
2434
2431
2431
2431
2431
2430
2430
2427
2424
2424
2424
2423
2423
2422
2421
2419
2419
2419
2418
2417
2416
2414
2414
2413
2412
2410
2410
2409
2409
2409
2408
2408
2405
2402
2401
2400
2400
2398
2398
2397
2396
2396
2395
2394
2394
2392
2391
2391
2390
2390
2389
2388
2387
2386
2386
2383
2383
2383
2382
2382
2381
2380
2378
2378
2377
2377
2376
2376
2375
2372
2371
2370
2368
2365
2365
2365
2365
2365
2360
2359
2356
2356
2356
2355
2355
2355
2353
2352
2350
2350
2347
2347
2346
2346
2345
2344
2343
2343
2343
2340
2339
2339
2339
2338
2337
2335
2334
2334
2334
2333
2333
2333
2332
2332
2332
2330
2330
2329
2329
2329
2328
2324
2323
2322
2322
2322
2321
2320
2320
2319
2318
2317
2314
2314
2310
2310
2309
2308
2305
2305
2303
2302
2301
2300
2300
2300
2300
2299
2298
2297
2289
2287
2286
2286
2286
2285
2284
2284
2283
2282
2282
2280
2279
2278
2277
2275
2275
2275
2271
2269
2267
2264
2263
2262
2262
2261
2261
2259
2259
2258
2257
2257
2256
2255
2253
2253
2253
2252
2252
2249
2248
2246
2246
2246
2245
2245
2243
2242
2239
2238
2237
2236
2235
2234
2234
2231
2231
2229
2229
2228
2227
2226
2225
2224
2224
2223
2222
2221
2218
2217
2216
2215
2213
2212
2211
2211
2211
2211
2210
2208
2207
2206
2206
2204
2203
2203
2201
2200
2200
2198
2197
2196
2196
2195
2195
2192
2192
2191
2189
2188
2187
2184
2184
2184
2183
2181
2181
2181
2181
2178
2177
2175
2175
2174
2174
2173
2171
2171
2170
2169
2168
2167
2167
2167
2167
2165
2164
2164
2163
2162
2161
2160
2157
2156
2156
2156
2155
2154
2154
2153
2153
2153
2149
2149
2148
2144
2143
2143
2142
2141
2141
2140
2139
2136
2136
2135
2135
2133
2132
2132
2131
2131
2128
2128
2126
2125
2125
2124
2123
2122
2120
2120
2120
2119
2118
2118
2117
2115
2115
2115
2114
2111
2110
2110
2108
2108
2107
2105
2105
2104
2100
2098
2097
2096
2094
2090
2089
2089
2086
2086
2085
2083
2083
2082
2079
2073
2070
2070
2070
2067
2067
2065
2063
2063
2062
2055
2054
2054
2053
2053
2052
2052
2051
2051
2050
2048
2048
2046
2046
2043
2043
2041
2035
2034
2034
2033
2032
2032
2029
2029
2028
2027
2023
2023
2023
2022
2020
2020
2019
2019
2018
2017
2015
2014
2012
2010
2010
2010
2009
2008
2007
2007
2005
2004
2002
2001
2000
1999
1999
1998
1998
1998
1997
1997
1995
1994
1994
1992
1992
1991
1988
1987
1985
1984
1984
1983
1982
1981
1981
1980
1978
1977
1977
1977
1976
1976
1975
1975
1975
1974
1972
1970
1969
1968
1966
1965
1963
1962
1962
1960
1959
1956
1956
1956
1953
1951
1950
1949
1946
1946
1945
1944
1944
1943
1943
1942
1940
1940
1939
1939
1938
1937
1937
1937
1936
1936
1935
1934
1933
1933
1933
1932
1927
1924
1924
1924
1922
1920
1917
1916
1915
1909
1907
1907
1906
1906
1905
1903
1903
1901
1900
1899
1899
1896
1896
1896
1894
1893
1892
1890
1890
1889
1888
1887
1885
1883
1878
1877
1875
1874
1873
1872
1870
1870
1868
1868
1866
1866
1864
1864
1864
1862
1860
1859
1855
1855
1854
1854
1851
1851
1850
1850
1849
1849
1848
1847
1845
1843
1842
1840
1839
1837
1837
1837
1834
1833
1833
1831
1830
1828
1825
1825
1825
1824
1823
1822
1820
1819
1819
1818
1817
1817
1816
1815
1815
1814
1813
1811
1810
1809
1808
1807
1805
1805
1805
1802
1801
1800
1800
1799
1798
1798
1797
1796
1795
1795
1794
1793
1793
1791
1790
1790
1787
1785
1784
1784
1782
1782
1782
1782
1781
1781
1777
1776
1774
1773
1773
1769
1768
1767
1767
1766
1766
1765
1763
1763
1760
1759
1759
1759
1758
1758
1758
1757
1757
1757
1756
1755
1754
1749
1748
1748
1748
1747
1747
1746
1744
1743
1742
1741
1741
1741
1741
1740
1739
1738
1737
1735
1734
1732
1732
1731
1729
1727
1726
1726
1726
1724
1723
1723
1722
1722
1721
1720
1720
1720
1719
1717
1716
1715
1715
1715
1715
1714
1713
1712
1711
1709
1709
1709
1709
1707
1706
1706
1706
1705
1705
1705
1703
1703
1702
1699
1698
1696
1696
1696
1695
1695
1695
1694
1693
1693
1692
1691
1690
1689
1689
1689
1689
1688
1688
1686
1684
1682
1682
1681
1679
1678
1678
1676
1675
1675
1673
1672
1670
1670
1668
1668
1667
1666
1666
1666
1665
1664
1662
1662
1661
1661
1657
1657
1657
1656
1655
1652
1651
1651
1649
1648
1648
1648
1647
1647
1646
1645
1645
1645
1645
1644
1643
1642
1642
1641
1640
1640
1639
1638
1638
1638
1638
1638
1637
1636
1635
1635
1634
1632
1631
1629
1628
1627
1625
1623
1623
1621
1618
1618
1617
1616
1613
1612
1611
1610
1610
1609
1609
1608
1608
1608
1606
1605
1604
1603
1601
1599
1599
1599
1598
1597
1596
1595
1595
1595
1594
1594
1594
1590
1589
1589
1589
1588
1587
1585
1584
1583
1582
1581
1578
1578
1578
1578
1576
1576
1575
1575
1573
1572
1570
1570
1570
1568
1566
1562
1562
1561
1561
1560
1560
1560
1559
1558
1557
1556
1555
1554
1553
1553
1552
1552
1551
1550
1549
1548
1548
1548
1548
1548
1548
1546
1544
1544
1541
1540
1540
1539
1538
1535
1533
1533
1532
1532
1531
1528
1527
1527
1526
1526
1526
1525
1525
1525
1524
1524
1524
1524
1523
1522
1521
1519
1519
1514
1513
1512
1511
1511
1510
1510
1510
1510
1508
1508
1508
1508
1508
1508
1507
1507
1506
1504
1503
1502
1501
1499
1497
1497
1496
1496
1495
1494
1492
1492
1490
1489
1489
1489
1486
1483
1480
1480
1479
1479
1479
1474
1472
1472
1472
1471
1471
1468
1464
1464
1464
1464
1462
1462
1462
1460
1459
1459
1458
1458
1458
1458
1457
1457
1456
1455
1454
1453
1453
1452
1449
1448
1448
1446
1446
1443
1443
1442
1442
1440
1440
1439
1439
1438
1434
1433
1433
1433
1432
1432
1432
1430
1429
1428
1428
1427
1426
1425
1425
1425
1425
1424
1424
1421
1421
1421
1421
1421
1421
1420
1420
1419
1419
1418
1416
1415
1415
1415
1414
1413
1412
1409
1408
1406
1405
1405
1404
1404
1403
1403
1403
1403
1402
1401
1400
1400
1400
1399
1399
1397
1397
1395
1395
1395
1395
1394
1393
1392
1392
1392
1390
1388
1386
1385
1384
1383
1383
1382
1378
1376
1376
1375
1374
1373
1372
1371
1371
1369
1369
1369
1368
1368
1368
1368
1368
1367
1367
1365
1365
1362
1358
1358
1358
1357
1356
1356
1353
1352
1352
1351
1351
1350
1350
1350
1349
1349
1348
1346
1343
1342
1341
1338
1336
1336
1335
1333
1331
1331
1331
1331
1329
1329
1328
1328
1328
1327
1327
1326
1325
1323
1321
1321
1319
1318
1318
1318
1315
1315
1315
1314
1313
1312
1310
1306
1305
1305
1305
1303
1303
1302
1301
1300
1299
1298
1298
1297
1295
1295
1293
1290
1290
1287
1286
1285
1285
1284
1284
1284
1284
1281
1280
1278
1277
1277
1276
1273
1273
1269
1269
1266
1266
1265
1265
1264
1264
1264
1264
1263
1261
1260
1260
1258
1256
1256
1255
1255
1255
1251
1251
1251
1249
1248
1247
1246
1246
1245
1245
1243
1243
1241
1240
1240
1239
1239
1237
1235
1235
1233
1232
1232
1231
1230
1228
1225
1220
1220
1216
1216
1215
1215
1214
1214
1213
1212
1212
1212
1208
1208
1206
1205
1203
1201
1201
1201
1199
1198
1198
1195
1194
1191
1190
1187
1187
1187
1186
1185
1185
1185
1184
1182
1181
1178
1177
1177
1177
1174
1172
1172
1171
1169
1168
1167
1166
1165
1165
1164
1164
1163
1162
1161
1160
1159
1159
1158
1157
1156
1153
1153
1153
1151
1151
1146
1145
1142
1141
1140
1137
1136
1135
1134
1133
1133
1132
1132
1131
1130
1130
1129
1129
1128
1127
1126
1126
1126
1125
1124
1124
1123
1123
1122
1122
1119
1118
1115
1114
1113
1112
1110
1110
1110
1108
1104
1104
1104
1103
1102
1102
1100
1100
1099
1099
1099
1096
1094
1093
1092
1088
1088
1087
1087
1087
1086
1085
1083
1083
1082
1081
1081
1081
1079
1078
1078
1076
1074
1074
1074
1073
1073
1072
1072
1072
1071
1071
1069
1069
1068
1068
1067
1065
1064
1063
1062
1062
1061
1060
1060
1060
1057
1057
1056
1056
1055
1055
1054
1054
1053
1053
1052
1051
1051
1050
1050
1050
1050
1050
1050
1047
1046
1046
1045
1045
1045
1044
1043
1042
1040
1040
1039
1038
1038
1038
1037
1036
1034
1034
1033
1032
1031
1031
1030
1029
1028
1027
1027
1026
1025
1024
1024
1024
1024
1021
1021
1020
1020
1019
1018
1018
1017
1016
1015
1015
1015
1014
1014
1013
1013
1013
1013
1012
1012
1011
1010
1008
1007
1004
1004
1004
1004
1003
1003
1002
1000
996
996
995
994
991
989
988
986
986
985
985
984
984
983
981
979
977
977
977
976
976
976
975
974
971
971
966
965
964
963
963
963
961
960
959
959
958
958
956
955
954
954
953
952
951
950
949
948
947
945
945
944
944
944
943
942
942
942
941
940
937
936
934
933
932
932
930
930
929
929
928
928
924
924
924
923
923
922
921
916
915
913
912
910
907
907
906
904
902
900
900
900
898
895
894
894
892
889
889
889
884
883
879
876
874
870
869
868
868
867
864
864
863
862
862
860
856
854
854
854
853
852
848
847
846
845
844
843
841
839
839
837
836
834
832
827
826
825
823
823
822
822
821
819
819
819
817
815
813
807
803
801
801
800
800
798
798
796
795
790
789
789
787
785
785
785
784
781
780
775
774
773
771
771
771
771
770
768
768
766
765
764
764
763
762
761
760
759
758
756
756
754
753
753
752
749
749
748
748
747
747
746
743
742
742
742
738
737
737
735
735
734
733
732
730
727
727
725
724
723
722
722
721
719
719
717
717
716
714
714
714
713
712
712
709
706
705
705
705
702
699
699
698
698
698
697
696
696
694
693
693
692
691
690
685
684
683
683
680
677
677
676
676
675
673
671
671
669
669
669
669
668
667
666
664
663
663
663
661
660
659
657
654
653
653
653
652
651
651
651
651
650
649
648
647
646
645
643
643
642
641
640
639
637
636
635
634
633
632
632
632
631
630
630
630
629
628
627
627
627
626
626
625
624
623
622
620
619
619
619
615
615
615
614
613
612
610
609
609
608
607
606
605
605
605
605
604
604
601
601
601
600
599
599
596
593
593
590
590
583
582
581
580
579
578
576
576
575
574
574
574
573
572
571
570
568
568
567
565
565
565
562
562
558
557
557
557
556
555
553
551
550
549
546
543
543
540
540
540
539
539
534
534
531
530
530
530
529
529
528
528
527
527
526
526
524
522
522
521
521
520
520
516
516
515
513
509
508
508
508
506
506
504
503
503
501
500
498
495
493
493
492
488
487
484
484
484
484
484
483
482
481
481
481
481
480
479
479
477
477
477
476
475
475
475
473
473
472
472
471
471
468
466
464
464
463
461
460
460
459
459
458
458
458
457
457
455
455
455
454
453
452
452
450
449
447
447
446
444
442
441
440
440
439
438
438
437
436
436
435
435
435
435
434
432
429
428
427
427
426
423
421
421
420
420
419
419
417
417
416
416
416
415
414
413
413
412
411
410
409
409
409
408
406
405
405
403
403
402
402
402
401
397
396
396
395
395
395
394
394
391
390
389
389
388
387
385
385
384
384
383
381
381
380
380
380
380
380
379
379
378
378
376
376
375
373
371
371
371
370
367
367
367
365
365
365
365
364
361
359
358
358
358
357
357
356
356
355
353
353
350
350
350
349
347
347
346
345
344
343
340
340
339
336
335
335
334
333
333
333
332
331
329
328
328
328
327
325
324
322
320
319
319
319
318
315
314
314
313
313
310
308
307
306
306
304
303
303
302
301
300
299
298
298
296
296
295
295
293
291
291
290
289
288
287
284
283
283
282
282
281
281
279
278
277
276
276
276
275
274
274
274
274
273
271
270
270
268
267
267
266
266
266
265
265
265
265
261
259
257
257
256
254
254
254
253
252
251
250
250
249
248
248
247
243
243
238
237
237
237
236
236
236
236
235
232
232
230
230
226
225
221
221
220
219
217
216
215
215
214
212
211
211
210
210
210
209
209
209
208
208
203
203
202
201
200
200
199
197
196
195
194
193
193
192
192
191
191
191
189
187
187
186
186
186
184
184
182
180
180
180
179
178
177
176
176
175
174
173
173
173
172
170
169
169
169
168
168
168
167
167
167
166
166
165
164
164
162
161
161
159
159
158
157
156
156
153
153
152
150
147
146
146
146
144
143
143
140
139
139
139
138
137
137
137
135
135
133
133
132
131
131
130
130
129
128
128
127
126
126
125
123
122
118
118
118
117
115
115
115
114
114
112
112
111
111
111
110
109
109
108
108
107
106
106
105
103
103
102
99
99
97
97
94
93
92
91
91
91
90
89
89
89
89
88
83
81
77
75
75
74
74
73
73
73
70
70
68
68
68
68
68
66
66
65
63
63
63
63
62
61
60
59
57
56
54
52
51
50
49
47
46
46
45
45
44
42
41
39
38
36
36
34
33
32
32
32
31
30
28
28
28
26
26
26
26
23
23
23
23
21
20
18
17
16
15
12
11
11
10
8
5
5
4
3
