10000
3
4
5
5
8
10
11
11
12
15
16
17
18
20
21
23
23
23
23
26
26
26
26
28
28
28
30
31
32
32
32
33
34
36
36
38
39
41
42
44
45
45
46
46
47
49
50
51
52
54
56
57
59
60
61
62
63
63
63
63
65
66
66
68
68
68
68
68
70
70
73
73
73
74
74
75
75
77
81
83
88
89
89
89
89
90
91
91
91
92
93
94
97
97
99
99
102
103
103
105
106
106
107
108
108
109
109
110
111
111
111
112
112
114
114
115
115
115
117
118
118
118
122
123
125
126
126
127
128
128
129
130
130
131
131
132
133
133
135
135
137
137
137
138
139
139
139
140
143
143
144
146
146
146
147
150
152
153
153
156
156
157
158
159
159
161
161
162
164
164
165
166
166
167
167
167
168
168
168
169
169
169
170
172
173
173
173
174
175
176
176
177
178
179
180
180
180
182
184
184
186
186
186
187
187
189
191
191
191
192
192
193
193
194
195
196
197
199
200
200
201
202
203
203
208
208
209
209
209
210
210
210
211
211
212
214
215
215
216
217
219
220
221
221
225
226
230
230
232
232
235
236
236
236
236
237
237
237
238
243
243
247
248
248
249
250
250
251
252
253
254
254
254
256
257
257
259
261
265
265
265
265
266
266
266
267
267
268
270
270
271
273
274
274
274
274
275
276
276
276
277
278
279
281
281
282
282
283
283
284
287
288
289
290
291
291
293
295
295
296
296
298
298
299
300
301
302
303
303
304
306
306
307
308
310
313
313
314
314
315
318
319
319
319
320
322
324
325
327
328
328
328
329
331
332
333
333
333
334
335
335
336
339
340
340
343
344
345
346
347
347
349
350
350
350
353
353
355
356
356
357
357
358
358
358
359
361
364
365
365
365
365
367
367
367
370
371
371
371
373
375
376
376
378
378
379
379
380
380
380
380
380
381
381
383
384
384
385
385
387
388
389
389
390
391
394
394
395
395
395
396
396
397
401
402
402
402
403
403
405
405
406
408
409
409
409
410
411
412
413
413
414
415
416
416
416
417
417
419
419
420
420
421
421
423
426
427
427
428
429
432
434
435
435
435
435
436
436
437
438
438
439
440
440
441
442
444
446
447
447
449
450
452
452
453
454
455
455
455
457
457
458
458
458
459
459
460
460
461
463
464
464
466
468
471
471
472
472
473
473
475
475
475
476
477
477
477
479
479
480
481
481
481
481
482
483
484
484
484
484
484
487
488
492
493
493
495
498
500
501
503
503
504
506
506
508
508
508
509
513
515
516
516
520
520
521
521
522
522
524
526
526
527
527
528
528
529
529
530
530
530
531
534
534
539
539
540
540
540
543
543
546
549
550
551
553
555
556
557
557
557
558
562
562
565
565
565
567
568
568
570
571
572
573
574
574
574
575
576
576
578
579
580
581
582
583
590
590
593
593
596
599
599
600
601
601
601
604
604
605
605
605
605
606
607
608
609
609
610
612
613
614
615
615
615
619
619
619
620
622
623
624
625
626
626
627
627
627
628
629
630
630
630
631
632
632
632
633
634
635
636
637
639
640
641
642
643
643
645
646
647
648
649
650
651
651
651
651
652
653
653
653
654
657
659
660
661
663
663
663
664
666
667
668
669
669
669
669
671
671
673
675
676
676
677
677
680
683
683
684
685
690
691
692
693
693
694
696
696
697
698
698
698
699
699
702
705
705
705
706
709
712
712
713
714
714
714
716
717
717
719
719
721
722
722
723
724
725
727
727
730
732
733
734
735
735
737
737
738
742
742
742
743
746
747
747
748
748
749
749
752
753
753
754
756
756
758
759
760
761
762
763
764
764
765
766
768
768
770
771
771
771
771
773
774
775
780
781
784
785
785
785
787
789
789
790
795
796
798
798
800
800
801
801
803
807
813
815
817
819
819
819
821
822
822
823
823
825
826
827
832
834
836
837
839
839
841
843
844
845
846
847
848
852
853
854
854
854
856
860
862
862
863
864
864
867
868
868
869
870
874
876
879
883
884
889
889
889
892
894
894
895
898
900
900
900
902
904
906
907
907
910
912
913
915
916
921
922
923
923
924
924
924
928
928
929
929
930
930
932
932
933
934
936
937
940
941
942
942
942
943
944
944
944
945
945
947
948
949
950
951
952
953
954
954
955
956
958
958
959
959
960
961
963
963
963
964
965
966
971
971
974
975
976
976
976
977
977
977
979
981
983
984
984
985
985
986
986
988
989
991
994
995
996
996
1000
1002
1003
1003
1004
1004
1004
1004
1007
1008
1010
1011
1012
1012
1013
1013
1013
1013
1014
1014
1015
1015
1015
1016
1017
1018
1018
1019
1020
1020
1021
1021
1024
1024
1024
1024
1025
1026
1027
1027
1028
1029
1030
1031
1031
1032
1033
1034
1034
1036
1037
1038
1038
1038
1039
1040
1040
1042
1043
1044
1045
1045
1045
1046
1046
1047
1050
1050
1050
1050
1050
1050
1051
1051
1052
1053
1053
1054
1054
1055
1055
1056
1056
1057
1057
1060
1060
1060
1061
1062
1062
1063
1064
1065
1067
1068
1068
1069
1069
1071
1071
1072
1072
1072
1073
1073
1074
1074
1074
1076
1078
1078
1079
1081
1081
1081
1082
1083
1083
1085
1086
1087
1087
1087
1088
1088
1092
1093
1094
1096
1099
1099
1099
1100
1100
1102
1102
1103
1104
1104
1104
1108
1110
1110
1110
1112
1113
1114
1115
1118
1119
1122
1122
1123
1123
1124
1124
1125
1126
1126
1126
1127
1128
1129
1129
1130
1130
1131
1132
1132
1133
1133
1134
1135
1136
1137
1140
1141
1142
1145
1146
1151
1151
1153
1153
1153
1156
1157
1158
1159
1159
1160
1161
1162
1163
1164
1164
1165
1165
1166
1167
1168
1169
1171
1172
1172
1174
1177
1177
1177
1178
1181
1182
1184
1185
1185
1185
1186
1187
1187
1187
1190
1191
1194
1195
1198
1198
1199
1201
1201
1201
1203
1205
1206
1208
1208
1212
1212
1212
1213
1214
1214
1215
1215
1216
1216
1220
1220
1225
1228
1230
1231
1232
1232
1233
1235
1235
1237
1239
1239
1240
1240
1241
1243
1243
1245
1245
1246
1246
1247
1248
1249
1251
1251
1251
1255
1255
1255
1256
1256
1258
1260
1260
1261
1263
1264
1264
1264
1264
1265
1265
1266
1266
1269
1269
1273
1273
1276
1277
1277
1278
1280
1281
1284
1284
1284
1284
1285
1285
1286
1287
1290
1290
1293
1295
1295
1297
1298
1298
1299
1300
1301
1302
1303
1303
1305
1305
1305
1306
1310
1312
1313
1314
1315
1315
1315
1318
1318
1318
1319
1321
1321
1323
1325
1326
1327
1327
1328
1328
1328
1329
1329
1331
1331
1331
1331
1333
1335
1336
1336
1338
1341
1342
1343
1346
1348
1349
1349
1350
1350
1350
1351
1351
1352
1352
1353
1356
1356
1357
1358
1358
1358
1362
1365
1365
1367
1367
1368
1368
1368
1368
1368
1369
1369
1369
1371
1371
1372
1373
1374
1375
1376
1376
1378
1382
1383
1383
1384
1385
1386
1388
1390
1392
1392
1392
1393
1394
1395
1395
1395
1395
1397
1397
1399
1399
1400
1400
1400
1401
1402
1403
1403
1403
1403
1404
1404
1405
1405
1406
1408
1409
1412
1413
1414
1415
1415
1415
1416
1418
1419
1419
1420
1420
1421
1421
1421
1421
1421
1421
1424
1424
1425
1425
1425
1425
1426
1427
1428
1428
1429
1430
1432
1432
1432
1433
1433
1433
1434
1438
1439
1439
1440
1440
1442
1442
1443
1443
1446
1446
1448
1448
1449
1452
1453
1453
1454
1455
1456
1457
1457
1458
1458
1458
1458
1459
1459
1460
1462
1462
1462
1464
1464
1464
1464
1468
1471
1471
1472
1472
1472
1474
1479
1479
1479
1480
1480
1483
1486
1489
1489
1489
1490
1492
1492
1494
1495
1496
1496
1497
1497
1499
1501
1502
1503
1504
1506
1507
1507
1508
1508
1508
1508
1508
1508
1510
1510
1510
1510
1511
1511
1512
1513
1514
1519
1519
1521
1522
1523
1524
1524
1524
1524
1525
1525
1525
1526
1526
1526
1527
1527
1528
1531
1532
1532
1533
1533
1535
1538
1539
1540
1540
1541
1544
1544
1546
1548
1548
1548
1548
1548
1548
1549
1550
1551
1552
1552
1553
1553
1554
1555
1556
1557
1558
1559
1560
1560
1560
1561
1561
1562
1562
1566
1568
1570
1570
1570
1572
1573
1575
1575
1576
1576
1578
1578
1578
1578
1581
1582
1583
1584
1585
1587
1588
1589
1589
1589
1590
1594
1594
1594
1595
1595
1595
1596
1597
1598
1599
1599
1599
1601
1603
1604
1605
1606
1608
1608
1608
1609
1609
1610
1610
1611
1612
1613
1616
1617
1618
1618
1621
1623
1623
1625
1627
1628
1629
1631
1632
1634
1635
1635
1636
1637
1638
1638
1638
1638
1638
1639
1640
1640
1641
1642
1642
1643
1644
1645
1645
1645
1645
1646
1647
1647
1648
1648
1648
1649
1651
1651
1652
1655
1656
1657
1657
1657
1661
1661
1662
1662
1664
1665
1666
1666
1666
1667
1668
1668
1670
1670
1672
1673
1675
1675
1676
1678
1678
1679
1681
1682
1682
1684
1686
1688
1688
1689
1689
1689
1689
1690
1691
1692
1693
1693
1694
1695
1695
1695
1696
1696
1696
1698
1699
1702
1703
1703
1705
1705
1705
1706
1706
1706
1707
1709
1709
1709
1709
1711
1712
1713
1714
1715
1715
1715
1715
1716
1717
1719
1720
1720
1720
1721
1722
1722
1723
1723
1724
1726
1726
1726
1727
1729
1731
1732
1732
1734
1735
1737
1738
1739
1740
1741
1741
1741
1741
1742
1743
1744
1746
1747
1747
1748
1748
1748
1749
1754
1755
1756
1757
1757
1757
1758
1758
1758
1759
1759
1759
1760
1763
1763
1765
1766
1766
1767
1767
1768
1769
1773
1773
1774
1776
1777
1781
1781
1782
1782
1782
1782
1784
1784
1785
1787
1790
1790
1791
1793
1793
1794
1795
1795
1796
1797
1798
1798
1799
1800
1800
1801
1802
1805
1805
1805
1807
1808
1809
1810
1811
1813
1814
1815
1815
1816
1817
1817
1818
1819
1819
1820
1822
1823
1824
1825
1825
1825
1828
1830
1831
1833
1833
1834
1837
1837
1837
1839
1840
1842
1843
1845
1847
1848
1849
1849
1850
1850
1851
1851
1854
1854
1855
1855
1859
1860
1862
1864
1864
1864
1866
1866
1868
1868
1870
1870
1872
1873
1874
1875
1877
1878
1883
1885
1887
1888
1889
1890
1890
1892
1893
1894
1896
1896
1896
1899
1899
1900
1901
1903
1903
1905
1906
1906
1907
1907
1909
1915
1916
1917
1920
1922
1924
1924
1924
1927
1932
1933
1933
1933
1934
1935
1936
1936
1937
1937
1937
1938
1939
1939
1940
1940
1942
1943
1943
1944
1944
1945
1946
1946
1949
1950
1951
1953
1956
1956
1956
1959
1960
1962
1962
1963
1965
1966
1968
1969
1970
1972
1974
1975
1975
1975
1976
1976
1977
1977
1977
1978
1980
1981
1981
1982
1983
1984
1984
1985
1987
1988
1991
1992
1992
1994
1994
1995
1997
1997
1998
1998
1998
1999
1999
2000
2001
2002
2004
2005
2007
2007
2008
2009
2010
2010
2010
2012
2014
2015
2017
2018
2019
2019
2020
2020
2022
2023
2023
2023
2027
2028
2029
2029
2032
2032
2033
2034
2034
2035
2041
2043
2043
2046
2046
2048
2048
2050
2051
2051
2052
2052
2053
2053
2054
2054
2055
2062
2063
2063
2065
2067
2067
2070
2070
2070
2073
2079
2082
2083
2083
2085
2086
2086
2089
2089
2090
2094
2096
2097
2098
2100
2104
2105
2105
2107
2108
2108
2110
2110
2111
2114
2115
2115
2115
2117
2118
2118
2119
2120
2120
2120
2122
2123
2124
2125
2125
2126
2128
2128
2131
2131
2132
2132
2133
2135
2135
2136
2136
2139
2140
2141
2141
2142
2143
2143
2144
2148
2149
2149
2153
2153
2153
2154
2154
2155
2156
2156
2156
2157
2160
2161
2162
2163
2164
2164
2165
2167
2167
2167
2167
2168
2169
2170
2171
2171
2173
2174
2174
2175
2175
2177
2178
2181
2181
2181
2181
2183
2184
2184
2184
2187
2188
2189
2191
2192
2192
2195
2195
2196
2196
2197
2198
2200
2200
2201
2203
2203
2204
2206
2206
2207
2208
2210
2211
2211
2211
2211
2212
2213
2215
2216
2217
2218
2221
2222
2223
2224
2224
2225
2226
2227
2228
2229
2229
2231
2231
2234
2234
2235
2236
2237
2238
2239
2242
2243
2245
2245
2246
2246
2246
2248
2249
2252
2252
2253
2253
2253
2255
2256
2257
2257
2258
2259
2259
2261
2261
2262
2262
2263
2264
2267
2269
2271
2275
2275
2275
2277
2278
2279
2280
2282
2282
2283
2284
2284
2285
2286
2286
2286
2287
2289
2297
2298
2299
2300
2300
2300
2300
2301
2302
2303
2305
2305
2308
2309
2310
2310
2314
2314
2317
2318
2319
2320
2320
2321
2322
2322
2322
2323
2324
2328
2329
2329
2329
2330
2330
2332
2332
2332
2333
2333
2333
2334
2334
2334
2335
2337
2338
2339
2339
2339
2340
2343
2343
2343
2344
2345
2346
2346
2347
2347
2350
2350
2352
2353
2355
2355
2355
2356
2356
2356
2359
2360
2365
2365
2365
2365
2365
2368
2370
2371
2372
2375
2376
2376
2377
2377
2378
2378
2380
2381
2382
2382
2383
2383
2383
2386
2386
2387
2388
2389
2390
2390
2391
2391
2392
2394
2394
2395
2396
2396
2397
2398
2398
2400
2400
2401
2402
2405
2408
2408
2409
2409
2409
2410
2410
2412
2413
2414
2414
2416
2417
2418
2419
2419
2419
2421
2422
2423
2423
2424
2424
2424
2427
2430
2430
2431
2431
2431
2431
2434
2434
2435
2435
2436
2437
2437
2438
2440
2441
2443
2445
2447
2447
2448
2448
2449
2450
2451
2453
2453
2454
2455
2455
2456
2459
2460
2460
2463
2464
2464
2465
2466
2466
2467
2467
2468
2468
2468
2470
2472
2475
2476
2476
2477
2477
2479
2479
2479
2482
2484
2485
2489
2490
2493
2497
2497
2498
2499
2499
2500
2501
2501
2501
2503
2503
2503
2504
2504
2506
2508
2508
2509
2509
2511
2514
2515
2515
2516
2517
2517
2517
2518
2522
2522
2522
2523
2524
2524
2524
2524
2525
2526
2526
2527
2527
2528
2529
2530
2532
2534
2537
2537
2539
2540
2541
2541
2542
2542
2545
2545
2546
2547
2547
2547
2547
2549
2551
2552
2552
2553
2553
2553
2556
2557
2558
2561
2562
2565
2566
2569
2570
2571
2572
2573
2573
2575
2576
2578
2579
2579
2581
2581
2582
2583
2583
2585
2585
2587
2590
2592
2596
2597
2599
2599
2602
2602
2603
2604
2604
2605
2606
2607
2610
2610
2612
2614
2615
2617
2622
2622
2624
2626
2627
2630
2630
2630
2631
2631
2631
2633
2636
2637
2638
2638
2639
2639
2639
2639
2641
2643
2644
2648
2649
2649
2651
2651
2652
2652
2654
2654
2656
2656
2659
2661
2664
2666
2668
2668
2670
2670
2670
2670
2671
2674
2675
2675
2676
2677
2677
2677
2682
2684
2684
2686
2691
2691
2692
2692
2694
2695
2695
2696
2697
2697
2698
2698
2699
2699
2700
2700
2701
2701
2701
2702
2703
2704
2705
2708
2708
2708
2709
2709
2709
2710
2710
2710
2710
2712
2714
2717
2718
2719
2720
2722
2722
2724
2732
2735
2735
2736
2736
2736
2738
2739
2739
2740
2740
2741
2743
2743
2743
2744
2746
2747
2749
2751
2753
2754
2755
2756
2756
2758
2758
2758
2759
2761
2762
2762
2763
2763
2767
2768
2768
2768
2769
2770
2771
2772
2772
2774
2774
2775
2775
2775
2778
2778
2778
2779
2782
2782
2783
2785
2785
2787
2788
2789
2789
2789
2789
2790
2790
2791
2791
2793
2793
2793
2793
2794
2795
2797
2797
2799
2800
2800
2801
2802
2802
2803
2803
2803
2804
2805
2807
2809
2811
2811
2811
2814
2816
2816
2818
2818
2819
2820
2821
2821
2823
2824
2825
2826
2827
2827
2827
2827
2830
2831
2831
2834
2835
2838
2838
2838
2838
2843
2843
2844
2846
2849
2849
2851
2853
2854
2854
2856
2856
2858
2859
2859
2860
2861
2863
2863
2864
2865
2866
2867
2867
2867
2871
2871
2873
2873
2874
2875
2876
2877
2877
2878
2878
2878
2879
2880
2881
2881
2882
2882
2886
2886
2887
2887
2887
2888
2889
2890
2891
2891
2891
2893
2893
2896
2897
2899
2899
2901
2902
2902
2903
2904
2908
2909
2910
2911
2914
2915
2917
2917
2918
2920
2920
2921
2921
2921
2922
2922
2924
2927
2928
2930
2931
2931
2932
2933
2934
2938
2938
2942
2943
2943
2944
2946
2947
2948
2951
2952
2953
2953
2953
2954
2954
2954
2956
2957
2957
2958
2958
2959
2959
2959
2960
2960
2960
2960
2961
2961
2962
2963
2964
2967
2968
2969
2969
2970
2973
2973
2974
2976
2976
2977
2980
2981
2981
2983
2983
2984
2985
2985
2986
2988
2990
2990
2990
2993
2993
2995
2995
2997
2997
3001
3002
3003
3003
3004
3006
3006
3007
3010
3010
3010
3011
3011
3013
3013
3014
3017
3017
3017
3018
3018
3018
3020
3021
3023
3024
3025
3027
3027
3027
3028
3028
3028
3028
3029
3029
3029
3029
3029
3032
3033
3033
3034
3037
3038
3040
3041
3041
3042
3043
3043
3044
3044
3045
3046
3046
3046
3049
3050
3052
3054
3054
3054
3056
3058
3059
3059
3062
3063
3063
3066
3067
3071
3071
3071
3073
3073
3074
3076
3077
3078
3079
3080
3080
3082
3083
3084
3084
3087
3088
3090
3091
3091
3091
3092
3092
3093
3093
3094
3096
3096
3097
3098
3098
3099
3101
3101
3101
3102
3104
3104
3106
3107
3109
3110
3110
3110
3110
3113
3113
3116
3116
3116
3117
3118
3118
3119
3122
3123
3123
3123
3123
3124
3125
3125
3125
3125
3127
3127
3128
3130
3134
3134
3134
3135
3135
3136
3137
3139
3139
3140
3141
3142
3143
3143
3144
3144
3145
3145
3146
3147
3149
3149
3151
3157
3157
3158
3158
3158
3159
3159
3160
3160
3161
3163
3165
3165
3165
3166
3166
3169
3170
3171
3172
3175
3177
3177
3178
3178
3179
3180
3181
3182
3182
3183
3184
3184
3184
3185
3186
3187
3188
3190
3190
3191
3191
3192
3192
3193
3194
3205
3206
3208
3208
3209
3211
3213
3214
3214
3215
3219
3222
3224
3224
3226
3226
3227
3229
3229
3229
3231
3232
3234
3235
3236
3237
3238
3239
3239
3239
3240
3241
3242
3242
3243
3246
3246
3251
3252
3253
3254
3254
3257
3260
3262
3263
3264
3264
3266
3267
3267
3267
3268
3269
3270
3270
3270
3270
3272
3273
3274
3274
3275
3275
3278
3279
3282
3285
3285
3286
3286
3286
3288
3289
3289
3290
3291
3291
3292
3292
3293
3293
3294
3297
3297
3301
3304
3304
3306
3307
3307
3308
3309
3310
3310
3311
3312
3312
3314
3316
3316
3316
3319
3322
3323
3323
3323
3324
3324
3325
3326
3327
3328
3328
3329
3332
3333
3333
3333
3336
3336
3336
3337
3337
3338
3339
3339
3339
3339
3340
3342
3342
3343
3343
3344
3345
3348
3348
3348
3349
3349
3350
3351
3353
3353
3354
3357
3358
3359
3359
3360
3361
3361
3363
3365
3365
3366
3367
3367
3369
3370
3372
3374
3374
3374
3375
3375
3376
3376
3378
3378
3380
3386
3386
3387
3388
3389
3392
3392
3393
3395
3399
3399
3400
3400
3402
3403
3406
3407
3408
3408
3409
3413
3415
3416
3416
3417
3417
3419
3419
3420
3421
3421
3422
3422
3425
3426
3426
3427
3428
3428
3428
3429
3429
3432
3433
3433
3433
3434
3434
3435
3436
3436
3438
3439
3441
3441
3442
3443
3443
3443
3446
3449
3449
3449
3450
3452
3453
3453
3454
3454
3454
3455
3455
3456
3456
3456
3457
3459
3460
3460
3461
3461
3462
3462
3465
3465
3466
3467
3468
3468
3469
3470
3470
3471
3473
3473
3474
3474
3475
3475
3479
3481
3481
3482
3483
3484
3485
3486
3487
3489
3489
3490
3491
3491
3491
3494
3495
3495
3496
3497
3498
3498
3499
3500
3501
3502
3502
3505
3506
3506
3507
3511
3512
3513
3514
3515
3515
3516
3517
3517
3517
3519
3519
3520
3521
3523
3524
3524
3525
3525
3528
3529
3531
3532
3532
3533
3536
3537
3538
3539
3539
3540
3543
3544
3546
3546
3546
3547
3547
3550
3550
3552
3552
3554
3554
3555
3555
3555
3556
3558
3558
3560
3563
3564
3566
3566
3566
3568
3568
3568
3569
3570
3572
3575
3577
3578
3578
3579
3579
3579
3581
3581
3581
3581
3581
3582
3583
3584
3585
3587
3587
3587
3587
3588
3590
3592
3592
3592
3599
3599
3600
3600
3602
3602
3603
3603
3605
3605
3609
3613
3613
3615
3615
3616
3617
3618
3619
3619
3621
3622
3623
3623
3624
3627
3627
3629
3630
3631
3632
3633
3636
3636
3636
3636
3638
3639
3640
3641
3641
3642
3643
3643
3647
3648
3649
3649
3650
3652
3653
3655
3655
3655
3656
3656
3657
3660
3661
3664
3664
3665
3667
3668
3669
3671
3671
3672
3673
3673
3673
3673
3674
3674
3677
3677
3680
3681
3683
3683
3684
3686
3686
3688
3690
3693
3695
3695
3695
3695
3696
3697
3697
3698
3699
3699
3700
3700
3701
3701
3701
3703
3704
3705
3706
3706
3706
3707
3708
3709
3709
3712
3712
3712
3712
3714
3715
3716
3717
3719
3721
3721
3723
3723
3723
3725
3725
3726
3726
3727
3732
3732
3733
3733
3736
3737
3739
3740
3743
3744
3746
3746
3746
3747
3748
3750
3750
3751
3751
3752
3752
3755
3756
3758
3758
3760
3761
3761
3761
3763
3764
3765
3765
3766
3766
3767
3769
3770
3772
3775
3776
3776
3777
3777
3778
3778
3779
3779
3780
3781
3782
3782
3783
3783
3783
3784
3784
3787
3788
3791
3793
3793
3793
3793
3793
3793
3796
3797
3798
3798
3799
3801
3803
3804
3805
3805
3807
3807
3808
3808
3810
3811
3812
3816
3817
3819
3819
3821
3823
3824
3826
3826
3827
3830
3830
3832
3832
3834
3834
3835
3836
3837
3837
3838
3839
3839
3842
3843
3845
3845
3846
3851
3852
3852
3852
3853
3855
3856
3856
3857
3858
3861
3864
3864
3864
3864
3864
3866
3867
3867
3868
3868
3869
3869
3869
3870
3870
3870
3871
3872
3873
3873
3874
3874
3877
3879
3880
3880
3884
3885
3886
3886
3890
3890
3893
3893
3895
3895
3895
3896
3896
3897
3898
3898
3900
3901
3903
3903
3903
3904
3906
3906
3906
3907
3909
3909
3911
3911
3912
3914
3914
3914
3914
3916
3917
3917
3919
3924
3925
3925
3926
3926
3926
3926
3927
3929
3931
3931
3932
3933
3934
3934
3934
3934
3934
3938
3939
3940
3940
3941
3941
3942
3943
3945
3947
3948
3950
3951
3952
3953
3955
3955
3956
3957
3958
3960
3961
3962
3962
3964
3964
3967
3968
3969
3969
3973
3974
3974
3974
3975
3975
3975
3975
3976
3978
3979
3979
3980
3980
3982
3982
3986
3989
3991
3992
3994
3994
3995
3996
3996
3997
3997
3998
3999
4000
4000
4002
4002
4003
4004
4006
4006
4007
4007
4008
4008
4009
4009
4010
4010
4012
4013
4013
4014
4016
4016
4016
4017
4018
4019
4020
4020
4021
4023
4023
4024
4025
4026
4027
4027
4027
4028
4029
4029
4031
4032
4033
4033
4036
4036
4038
4040
4040
4042
4042
4046
4046
4048
4048
4049
4049
4049
4052
4052
4055
4057
4059
4059
4059
4060
4061
4061
4063
4065
4065
4066
4067
4069
4071
4072
4073
4073
4074
4074
4076
4077
4077
4078
4079
4079
4079
4081
4081
4082
4082
4083
4083
4086
4088
4091
4092
4093
4093
4093
4093
4093
4094
4095
4096
4096
4096
4097
4098
4098
4098
4099
4100
4100
4101
4103
4105
4105
4108
4110
4111
4111
4112
4115
4118
4118
4118
4119
4120
4121
4121
4123
4124
4125
4127
4128
4128
4129
4131
4132
4132
4134
4134
4134
4135
4135
4137
4139
4139
4139
4139
4139
4140
4141
4142
4143
4143
4144
4146
4146
4149
4149
4150
4150
4151
4152
4155
4155
4155
4159
4159
4160
4161
4163
4165
4166
4166
4167
4169
4169
4169
4170
4170
4171
4171
4172
4176
4176
4177
4179
4180
4182
4183
4183
4186
4189
4190
4192
4192
4192
4193
4194
4196
4197
4201
4201
4201
4201
4202
4204
4204
4204
4205
4205
4207
4207
4207
4208
4209
4210
4211
4212
4212
4215
4217
4217
4218
4219
4221
4222
4222
4223
4224
4225
4226
4228
4228
4229
4231
4233
4233
4235
4236
4236
4236
4237
4238
4240
4241
4245
4247
4247
4248
4250
4254
4255
4261
4261
4262
4262
4262
4262
4263
4263
4264
4264
4265
4265
4265
4267
4267
4270
4270
4270
4272
4273
4273
4275
4276
4279
4280
4281
4283
4283
4284
4284
4284
4284
4284
4286
4287
4287
4288
4291
4291
4292
4294
4295
4295
4296
4297
4298
4298
4298
4299
4301
4301
4303
4304
4304
4305
4307
4309
4312
4315
4316
4319
4319
4320
4321
4322
4323
4323
4325
4326
4326
4328
4329
4330
4330
4331
4331
4332
4332
4334
4337
4340
4341
4343
4345
4346
4346
4347
4347
4347
4348
4349
4350
4351
4351
4351
4352
4356
4358
4359
4359
4360
4360
4362
4362
4364
4367
4368
4373
4377
4381
4382
4384
4384
4385
4387
4388
4388
4389
4390
4390
4391
4391
4393
4393
4394
4395
4395
4396
4397
4397
4399
4401
4402
4404
4405
4405
4407
4408
4409
4409
4409
4410
4410
4411
4413
4414
4414
4415
4415
4415
4416
4417
4419
4419
4419
4421
4421
4422
4426
4427
4428
4429
4432
4434
4435
4436
4437
4438
4439
4440
4443
4443
4443
4445
4446
4448
4451
4451
4454
4455
4455
4455
4458
4459
4460
4460
4461
4461
4462
4468
4470
4470
4470
4470
4474
4474
4475
4477
4477
4477
4477
4478
4479
4479
4481
4481
4481
4482
4482
4484
4484
4484
4484
4485
4485
4488
4489
4489
4490
4493
4495
4496
4496
4496
4497
4497
4497
4499
4500
4503
4503
4504
4505
4506
4506
4506
4507
4507
4508
4508
4508
4508
4509
4510
4512
4512
4515
4515
4516
4517
4518
4518
4521
4522
4523
4523
4523
4525
4525
4526
4527
4527
4528
4528
4530
4530
4531
4532
4532
4533
4533
4534
4535
4536
4536
4537
4537
4537
4537
4539
4540
4541
4542
4543
4544
4544
4546
4547
4547
4550
4550
4552
4553
4556
4556
4558
4558
4558
4559
4561
4562
4564
4565
4566
4567
4567
4568
4570
4570
4571
4571
4572
4572
4575
4575
4577
4577
4578
4578
4578
4579
4579
4579
4580
4581
4581
4582
4583
4583
4584
4585
4586
4588
4588
4589
4591
4591
4591
4592
4592
4592
4594
4595
4595
4596
4596
4597
4597
4597
4597
4599
4600
4600
4601
4601
4602
4604
4605
4606
4606
4606
4607
4608
4608
4610
4610
4610
4612
4614
4614
4615
4615
4618
4618
4618
4619
4619
4619
4620
4621
4623
4625
4625
4625
4626
4627
4629
4630
4633
4634
4634
4638
4639
4640
4641
4642
4642
4642
4643
4646
4647
4647
4648
4648
4648
4650
4650
4651
4651
4651
4651
4653
4655
4655
4655
4656
4657
4658
4659
4661
4662
4662
4665
4665
4665
4666
4666
4667
4667
4668
4668
4670
4671
4671
4672
4673
4675
4676
4676
4677
4680
4681
4682
4683
4683
4685
4686
4688
4690
4690
4693
4694
4694
4695
4695
4696
4696
4696
4697
4698
4698
4699
4700
4700
4701
4702
4703
4704
4704
4705
4707
4707
4708
4709
4709
4710
4710
4710
4711
4713
4714
4715
4716
4718
4718
4718
4718
4718
4720
4720
4721
4721
4722
4722
4728
4728
4729
4731
4732
4733
4734
4736
4736
4737
4740
4740
4741
4742
4744
4744
4745
4745
4748
4749
4749
4750
4751
4752
4754
4754
4755
4755
4756
4756
4758
4759
4761
4761
4762
4765
4768
4768
4769
4769
4770
4773
4774
4774
4774
4776
4777
4778
4778
4780
4780
4781
4781
4783
4783
4785
4785
4786
4786
4787
4788
4790
4790
4791
4791
4792
4793
4793
4793
4794
4794
4794
4794
4795
4795
4797
4797
4799
4800
4803
4803
4805
4806
4807
4807
4808
4808
4809
4809
4810
4810
4812
4812
4813
4815
4815
4816
4816
4817
4817
4817
4817
4819
4819
4820
4820
4820
4821
4822
4825
4825
4826
4826
4826
4828
4828
4829
4829
4830
4830
4831
4832
4832
4833
4836
4836
4837
4837
4838
4838
4839
4841
4842
4843
4843
4848
4849
4852
4853
4856
4856
4859
4861
4865
4866
4867
4869
4869
4869
4870
4873
4874
4874
4874
4876
4876
4876
4877
4878
4881
4882
4883
4883
4884
4886
4887
4888
4888
4888
4889
4889
4889
4890
4891
4891
4894
4894
4894
4897
4898
4899
4899
4899
4900
4901
4901
4902
4903
4903
4904
4904
4905
4906
4906
4906
4907
4909
4910
4911
4911
4912
4914
4914
4914
4915
4916
4917
4918
4919
4919
4920
4921
4921
4922
4924
4926
4926
4926
4927
4927
4927
4928
4931
4931
4932
4932
4932
4932
4932
4933
4937
4937
4939
4940
4941
4943
4944
4944
4946
4946
4947
4947
4948
4948
4950
4953
4954
4956
4957
4958
4959
4960
4960
4962
4965
4966
4967
4967
4969
4970
4970
4970
4971
4973
4973
4973
4975
4976
4979
4979
4980
4981
4981
4983
4983
4983
4983
4984
4985
4987
4990
4990
4990
4990
4991
4991
4996
4996
4998
4999
4999
5001
5001
5002
5003
5004
5005
5008
5009
5010
5011
5015
5016
5016
5017
5017
5017
5018
5018
5020
5020
5023
5024
5024
5025
5027
5028
5028
5029
5030
5031
5033
5033
5035
5036
5038
5039
5040
5041
5043
5047
5047
5048
5049
5049
5050
5053
5053
5053
5055
5059
5061
5063
5064
5064
5064
5065
5065
5066
5066
5067
5067
5069
5070
5070
5070
5076
5077
5078
5078
5078
5079
5079
5079
5080
5080
5081
5083
5085
5088
5090
5090
5090
5091
5092
5092
5093
5094
5094
5095
5096
5097
5099
5099
5100
5102
5103
5104
5106
5107
5109
5110
5110
5110
5110
5111
5111
5111
5112
5112
5112
5114
5115
5115
5115
5117
5118
5118
5120
5120
5123
5124
5124
5125
5127
5128
5129
5130
5132
5132
5136
5139
5139
5139
5139
5141
5143
5144
5144
5144
5144
5145
5145
5147
5147
5148
5149
5149
5149
5150
5153
5154
5155
5156
5157
5157
5158
5162
5163
5167
5168
5168
5171
5172
5174
5177
5178
5179
5179
5180
5180
5181
5181
5183
5185
5186
5187
5187
5189
5189
5191
5191
5192
5194
5194
5195
5199
5199
5199
5200
5201
5201
5203
5203
5205
5206
5207
5209
5210
5211
5212
5212
5213
5216
5217
5217
5218
5218
5220
5221
5221
5223
5224
5224
5227
5228
5228
5232
5233
5233
5234
5234
5235
5236
5236
5237
5237
5240
5240
5241
5241
5242
5242
5243
5246
5246
5246
5246
5248
5249
5250
5251
5252
5254
5254
5256
5256
5256
5257
5257
5257
5258
5259
5260
5261
5262
5264
5264
5264
5264
5267
5269
5271
5271
5271
5273
5274
5274
5274
5275
5276
5276
5277
5277
5279
5280
5280
5283
5285
5286
5287
5289
5289
5291
5292
5292
5294
5294
5298
5299
5299
5299
5300
5300
5301
5302
5304
5307
5308
5309
5311
5313
5314
5314
5314
5317
5317
5318
5318
5320
5321
5321
5322
5322
5323
5324
5325
5325
5327
5328
5330
5332
5332
5332
5333
5334
5334
5334
5336
5340
5342
5344
5345
5346
5349
5351
5351
5352
5353
5354
5356
5356
5356
5358
5358
5358
5363
5365
5367
5374
5374
5375
5379
5380
5380
5381
5381
5383
5383
5384
5384
5384
5385
5385
5385
5385
5386
5386
5388
5390
5390
5391
5392
5394
5396
5396
5397
5399
5399
5400
5402
5402
5404
5408
5408
5409
5409
5410
5411
5412
5414
5415
5415
5416
5417
5419
5422
5423
5424
5426
5426
5426
5427
5427
5428
5429
5431
5431
5432
5433
5433
5439
5440
5441
5441
5444
5444
5445
5445
5445
5445
5445
5447
5447
5451
5451
5452
5452
5454
5455
5455
5455
5455
5457
5458
5458
5465
5466
5466
5466
5469
5471
5471
5471
5474
5475
5475
5475
5476
5476
5478
5478
5478
5480
5481
5482
5483
5483
5483
5484
5484
5485
5485
5485
5486
5487
5487
5490
5490
5491
5491
5492
5493
5494
5494
5495
5496
5496
5496
5503
5504
5507
5507
5507
5508
5508
5508
5509
5510
5511
5511
5512
5513
5513
5514
5514
5517
5517
5517
5518
5519
5519
5520
5522
5522
5524
5524
5526
5526
5527
5528
5528
5529
5529
5531
5531
5534
5539
5541
5541
5542
5542
5543
5544
5545
5547
5548
5548
5549
5550
5550
5553
5554
5555
5557
5558
5558
5558
5559
5560
5561
5562
5562
5564
5565
5565
5567
5567
5567
5567
5568
5568
5568
5570
5571
5571
5571
5573
5574
5576
5576
5577
5578
5578
5578
5579
5583
5583
5584
5584
5584
5584
5585
5585
5585
5586
5589
5590
5591
5593
5593
5593
5597
5598
5599
5603
5603
5604
5605
5605
5606
5609
5610
5611
5613
5614
5615
5616
5616
5618
5619
5619
5619
5621
5622
5622
5622
5624
5624
5625
5626
5626
5626
5627
5627
5629
5632
5633
5637
5637
5638
5638
5639
5639
5641
5642
5644
5644
5645
5646
5649
5650
5652
5653
5655
5655
5655
5657
5659
5659
5660
5660
5661
5662
5663
5663
5665
5665
5667
5667
5669
5669
5670
5672
5674
5676
5678
5678
5679
5679
5680
5681
5682
5684
5684
5685
5685
5685
5688
5689
5694
5695
5698
5698
5698
5700
5700
5702
5702
5703
5705
5705
5705
5708
5708
5710
5711
5713
5714
5715
5716
5716
5716
5717
5718
5719
5720
5721
5721
5722
5723
5723
5726
5726
5727
5728
5728
5729
5733
5735
5737
5738
5738
5738
5739
5739
5740
5741
5742
5743
5744
5745
5746
5747
5749
5749
5749
5750
5751
5752
5753
5756
5756
5756
5756
5757
5760
5761
5762
5764
5764
5765
5765
5766
5768
5768
5768
5768
5769
5769
5769
5770
5771
5771
5772
5772
5773
5773
5775
5778
5778
5779
5780
5780
5780
5781
5781
5783
5783
5784
5784
5785
5785
5786
5786
5789
5790
5790
5791
5791
5794
5795
5796
5797
5798
5799
5799
5806
5808
5808
5809
5811
5812
5812
5812
5812
5812
5812
5814
5816
5817
5819
5821
5822
5822
5823
5823
5823
5824
5824
5824
5825
5826
5826
5826
5828
5829
5829
5830
5832
5832
5833
5835
5835
5841
5842
5844
5844
5844
5845
5847
5847
5847
5849
5852
5852
5853
5854
5855
5856
5857
5859
5860
5860
5861
5862
5862
5862
5863
5863
5864
5864
5864
5864
5865
5865
5865
5866
5867
5869
5869
5870
5871
5871
5872
5873
5874
5874
5875
5876
5876
5877
5878
5878
5879
5879
5879
5879
5879
5880
5880
5880
5882
5885
5886
5886
5887
5888
5889
5889
5889
5890
5890
5891
5891
5891
5893
5893
5894
5894
5896
5899
5900
5901
5902
5903
5905
5907
5909
5909
5909
5913
5914
5914
5915
5917
5917
5918
5919
5920
5922
5922
5923
5924
5924
5924
5925
5927
5928
5929
5930
5930
5931
5931
5932
5937
5937
5939
5942
5944
5945
5945
5946
5947
5949
5950
5951
5951
5951
5952
5953
5953
5954
5954
5956
5956
5960
5961
5962
5962
5963
5963
5963
5963
5964
5965
5966
5967
5967
5968
5970
5970
5970
5971
5972
5973
5973
5974
5975
5975
5975
5976
5980
5980
5981
5985
5988
5988
5989
5989
5991
5991
5992
5993
5998
5998
6000
6000
6001
6001
6003
6003
6005
6005
6006
6006
6008
6012
6013
6015
6015
6017
6017
6018
6019
6020
6020
6020
6022
6023
6024
6025
6025
6027
6029
6031
6033
6034
6034
6035
6035
6035
6036
6036
6038
6039
6039
6041
6042
6045
6045
6046
6048
6048
6048
6051
6053
6054
6055
6055
6057
6059
6059
6059
6059
6059
6060
6062
6062
6065
6066
6066
6068
6069
6073
6075
6075
6077
6078
6079
6081
6082
6084
6087
6087
6088
6089
6090
6090
6092
6092
6095
6096
6097
6098
6099
6101
6103
6104
6104
6105
6105
6107
6108
6108
6108
6110
6112
6113
6113
6114
6114
6115
6115
6115
6116
6117
6117
6117
6118
6121
6122
6124
6125
6125
6127
6127
6127
6127
6129
6131
6132
6132
6132
6134
6135
6137
6137
6138
6139
6141
6145
6145
6147
6147
6147
6148
6149
6151
6151
6152
6153
6155
6157
6157
6160
6160
6161
6161
6163
6164
6165
6166
6168
6170
6170
6172
6173
6175
6175
6176
6176
6177
6177
6177
6177
6179
6180
6180
6181
6182
6183
6184
6184
6184
6185
6187
6187
6188
6189
6190
6190
6191
6192
6193
6193
6194
6197
6201
6202
6203
6203
6204
6204
6206
6206
6207
6208
6208
6208
6209
6209
6210
6210
6211
6212
6213
6213
6214
6214
6216
6219
6219
6220
6221
6225
6225
6227
6228
6229
6229
6230
6230
6230
6230
6232
6232
6233
6233
6236
6237
6237
6237
6239
6240
6241
6243
6245
6246
6247
6250
6251
6251
6253
6255
6255
6258
6259
6259
6259
6260
6260
6260
6261
6262
6262
6263
6266
6268
6269
6271
6273
6277
6278
6281
6281
6282
6283
6284
6285
6287
6287
6287
6289
6291
6292
6293
6293
6294
6294
6294
6294
6296
6296
6297
6297
6298
6301
6302
6302
6302
6305
6305
6306
6306
6307
6308
6311
6312
6314
6314
6315
6317
6318
6318
6318
6322
6324
6324
6324
6326
6326
6326
6328
6328
6328
6329
6330
6331
6331
6332
6332
6332
6333
6334
6335
6338
6339
6340
6341
6341
6341
6342
6342
6342
6343
6344
6347
6347
6349
6350
6351
6353
6353
6357
6358
6361
6362
6362
6362
6364
6367
6367
6367
6368
6368
6369
6370
6372
6372
6372
6373
6374
6376
6376
6376
6378
6379
6379
6382
6382
6385
6386
6387
6387
6388
6390
6394
6395
6395
6396
6397
6398
6399
6399
6400
6400
6401
6401
6402
6404
6405
6406
6409
6410
6411
6413
6414
6416
6417
6418
6418
6419
6420
6420
6421
6422
6422
6423
6423
6423
6427
6427
6429
6429
6430
6431
6434
6435
6436
6438
6439
6440
6441
6441
6441
6441
6442
6443
6449
6451
6452
6454
6455
6457
6457
6457
6458
6458
6459
6459
6460
6460
6464
6464
6464
6465
6466
6466
6468
6470
6472
6473
6473
6474
6477
6478
6480
6482
6484
6486
6486
6487
6489
6489
6490
6495
6495
6496
6498
6498
6498
6499
6499
6502
6503
6503
6505
6505
6505
6505
6506
6507
6508
6509
6509
6509
6510
6511
6513
6513
6513
6514
6515
6515
6515
6516
6516
6517
6518
6518
6519
6519
6520
6521
6523
6523
6525
6529
6529
6532
6534
6536
6539
6540
6541
6542
6542
6543
6545
6547
6548
6550
6552
6553
6553
6553
6553
6554
6555
6557
6558
6558
6559
6559
6559
6559
6560
6561
6563
6563
6564
6569
6569
6570
6571
6571
6573
6574
6574
6574
6575
6576
6577
6578
6580
6584
6585
6586
6587
6587
6588
6588
6589
6589
6590
6592
6592
6595
6596
6597
6601
6601
6602
6602
6602
6602
6603
6605
6609
6610
6611
6612
6613
6613
6615
6615
6618
6618
6619
6620
6620
6621
6621
6622
6625
6628
6629
6630
6631
6632
6632
6632
6633
6635
6635
6638
6639
6639
6640
6640
6640
6641
6642
6643
6644
6647
6647
6647
6647
6647
6647
6648
6648
6649
6649
6650
6652
6652
6652
6653
6655
6656
6657
6657
6658
6658
6658
6658
6660
6660
6660
6660
6660
6661
6664
6669
6670
6671
6671
6672
6674
6675
6679
6680
6680
6682
6682
6683
6687
6689
6689
6690
6691
6691
6692
6693
6695
6695
6695
6696
6696
6697
6697
6697
6700
6701
6701
6701
6701
6703
6704
6705
6706
6707
6707
6708
6708
6710
6712
6714
6714
6714
6715
6717
6719
6722
6725
6725
6725
6728
6729
6729
6731
6731
6733
6734
6735
6736
6738
6740
6743
6744
6744
6744
6745
6745
6745
6748
6750
6751
6751
6752
6752
6755
6756
6757
6758
6760
6761
6762
6763
6764
6766
6767
6769
6770
6771
6771
6773
6774
6774
6774
6774
6775
6776
6778
6781
6784
6785
6785
6787
6787
6789
6789
6789
6791
6791
6792
6792
6794
6795
6795
6795
6796
6799
6801
6802
6806
6806
6808
6808
6810
6810
6812
6812
6814
6814
6815
6816
6819
6820
6821
6823
6823
6824
6824
6826
6826
6829
6831
6831
6832
6833
6834
6835
6836
6838
6838
6839
6840
6840
6842
6842
6842
6843
6844
6846
6852
6852
6853
6854
6854
6855
6855
6857
6858
6858
6858
6859
6859
6860
6861
6862
6863
6865
6866
6866
6866
6866
6868
6870
6870
6870
6872
6874
6876
6877
6877
6878
6879
6879
6880
6883
6883
6884
6885
6885
6886
6886
6889
6889
6890
6894
6895
6898
6899
6900
6901
6902
6902
6903
6904
6904
6905
6905
6906
6906
6907
6909
6910
6913
6913
6914
6915
6918
6920
6920
6921
6921
6921
6925
6925
6926
6927
6928
6929
6929
6929
6929
6929
6930
6931
6931
6935
6936
6937
6939
6940
6940
6940
6941
6942
6944
6944
6945
6945
6948
6949
6949
6949
6950
6952
6953
6953
6954
6955
6956
6957
6957
6957
6958
6958
6960
6961
6962
6963
6963
6965
6966
6966
6970
6976
6977
6977
6978
6980
6980
6981
6983
6989
6992
6993
6993
6994
6995
6996
6996
6998
6999
7003
7006
7008
7008
7008
7009
7010
7010
7010
7010
7010
7012
7012
7014
7014
7016
7017
7018
7019
7019
7020
7020
7020
7020
7022
7022
7023
7023
7023
7026
7026
7028
7029
7029
7030
7030
7031
7032
7035
7036
7036
7037
7037
7039
7040
7040
7041
7042
7043
7045
7045
7047
7048
7048
7048
7048
7050
7051
7051
7054
7055
7055
7055
7056
7056
7058
7059
7061
7064
7065
7069
7069
7071
7072
7072
7074
7076
7078
7080
7080
7080
7080
7081
7081
7082
7082
7083
7083
7083
7083
7084
7085
7086
7087
7088
7088
7089
7089
7090
7090
7090
7090
7090
7091
7092
7092
7094
7095
7097
7098
7099
7100
7100
7101
7103
7104
7107
7108
7109
7109
7111
7111
7111
7112
7112
7112
7116
7119
7120
7120
7120
7122
7122
7124
7125
7126
7127
7128
7131
7131
7133
7133
7134
7134
7134
7135
7136
7137
7137
7138
7139
7140
7141
7141
7141
7141
7142
7143
7146
7146
7148
7149
7150
7150
7152
7154
7154
7155
7155
7156
7156
7156
7157
7159
7159
7160
7161
7165
7166
7166
7167
7168
7169
7170
7170
7171
7173
7175
7175
7178
7179
7180
7180
7182
7183
7183
7183
7189
7189
7192
7193
7193
7193
7198
7198
7198
7203
7205
7206
7207
7207
7209
7209
7210
7211
7211
7211
7212
7213
7215
7216
7216
7216
7217
7218
7218
7219
7223
7224
7226
7227
7228
7230
7230
7231
7234
7234
7235
7236
7237
7239
7239
7240
7242
7245
7246
7248
7248
7250
7250
7250
7251
7251
7252
7252
7253
7254
7254
7256
7257
7259
7259
7259
7260
7260
7260
7261
7263
7263
7266
7267
7269
7270
7272
7274
7274
7275
7277
7277
7278
7280
7280
7282
7287
7287
7290
7293
7293
7294
7295
7295
7296
7297
7297
7299
7299
7299
7300
7300
7301
7301
7303
7304
7305
7306
7306
7307
7307
7307
7309
7310
7311
7311
7312
7313
7320
7320
7322
7323
7323
7323
7324
7324
7324
7325
7326
7327
7328
7329
7329
7332
7333
7337
7339
7339
7340
7341
7342
7345
7345
7346
7347
7348
7349
7349
7349
7349
7352
7353
7353
7354
7355
7356
7359
7360
7363
7364
7364
7365
7366
7366
7366
7367
7367
7368
7371
7372
7372
7373
7374
7374
7379
7380
7381
7383
7385
7385
7386
7387
7389
7390
7390
7390
7391
7393
7393
7394
7395
7395
7395
7395
7398
7399
7399
7400
7403
7404
7406
7410
7412
7412
7413
7413
7414
7414
7414
7415
7416
7417
7418
7418
7420
7422
7423
7424
7424
7427
7428
7428
7429
7429
7429
7430
7431
7432
7432
7432
7433
7433
7436
7438
7439
7439
7441
7442
7447
7448
7451
7451
7451
7452
7454
7454
7457
7459
7460
7462
7463
7463
7464
7465
7468
7470
7471
7473
7473
7474
7475
7475
7478
7478
7478
7479
7479
7480
7480
7482
7483
7483
7483
7484
7488
7489
7489
7490
7491
7491
7491
7492
7493
7496
7497
7498
7500
7500
7501
7503
7503
7503
7505
7506
7506
7506
7507
7508
7511
7511
7511
7512
7514
7514
7515
7516
7517
7517
7519
7520
7522
7522
7523
7523
7524
7525
7528
7528
7530
7530
7530
7531
7531
7531
7532
7533
7534
7536
7541
7543
7544
7545
7546
7546
7547
7551
7555
7555
7557
7558
7559
7560
7560
7561
7562
7563
7564
7565
7565
7566
7570
7570
7570
7571
7571
7572
7572
7573
7574
7574
7575
7575
7575
7575
7576
7577
7577
7578
7580
7581
7582
7582
7583
7584
7585
7587
7589
7594
7595
7595
7597
7598
7599
7600
7601
7601
7603
7603
7604
7605
7605
7606
7606
7606
7607
7608
7610
7611
7612
7612
7614
7616
7616
7617
7618
7619
7620
7620
7623
7624
7625
7627
7630
7631
7632
7632
7636
7637
7638
7639
7639
7641
7642
7642
7642
7644
7645
7646
7646
7647
7648
7648
7649
7650
7650
7650
7651
7652
7653
7653
7653
7655
7658
7659
7659
7659
7662
7663
7664
7664
7664
7665
7665
7670
7671
7671
7672
7673
7676
7677
7680
7682
7682
7682
7683
7684
7685
7686
7686
7686
7687
7687
7687
7689
7689
7690
7691
7694
7694
7696
7696
7697
7698
7699
7699
7699
7701
7701
7701
7702
7704
7705
7707
7709
7709
7710
7710
7711
7711
7711
7712
7712
7713
7713
7714
7715
7715
7719
7721
7722
7723
7724
7724
7724
7725
7726
7726
7726
7729
7730
7731
7731
7732
7732
7734
7734
7734
7735
7738
7740
7740
7740
7741
7741
7741
7741
7741
7741
7743
7743
7743
7743
7745
7745
7746
7749
7749
7749
7751
7752
7752
7753
7753
7757
7760
7760
7762
7763
7763
7764
7764
7765
7765
7765
7766
7766
7767
7768
7769
7773
7774
7776
7777
7777
7778
7779
7779
7779
7779
7780
7780
7780
7781
7782
7782
7783
7783
7784
7788
7790
7791
7791
7791
7791
7792
7793
7793
7793
7794
7796
7796
7796
7796
7797
7799
7800
7801
7802
7803
7803
7803
7804
7806
7808
7814
7815
7815
7816
7817
7819
7819
7822
7822
7823
7829
7832
7833
7833
7834
7834
7835
7838
7839
7840
7840
7841
7843
7843
7846
7846
7847
7848
7849
7851
7851
7852
7855
7856
7857
7858
7859
7863
7863
7863
7864
7864
7864
7866
7866
7866
7867
7870
7871
7872
7873
7873
7874
7876
7879
7882
7882
7882
7883
7883
7885
7886
7891
7891
7891
7892
7893
7894
7896
7899
7900
7901
7902
7903
7903
7904
7904
7905
7907
7908
7908
7908
7909
7909
7911
7913
7913
7914
7915
7915
7915
7916
7916
7917
7917
7918
7919
7920
7920
7921
7921
7923
7923
7924
7924
7924
7926
7927
7928
7929
7930
7930
7932
7935
7935
7936
7937
7938
7939
7939
7940
7940
7941
7941
7941
7941
7943
7944
7944
7944
7947
7948
7949
7951
7952
7952
7955
7958
7962
7964
7965
7969
7970
7971
7972
7973
7974
7975
7976
7978
7978
7979
7980
7980
7980
7981
7981
7985
7988
7989
7990
7992
7993
7993
7994
7994
7995
7996
7997
7998
7999
7999
8001
8002
8002
8004
8008
8008
8011
8011
8012
8013
8013
8015
8017
8017
8017
8020
8020
8021
8022
8026
8027
8028
8029
8032
8032
8034
8036
8038
8039
8039
8041
8041
8045
8045
8046
8048
8048
8050
8052
8052
8052
8053
8054
8054
8056
8057
8057
8057
8058
8064
8064
8065
8068
8069
8069
8069
8070
8071
8071
8074
8075
8075
8076
8077
8079
8080
8081
8084
8086
8086
8087
8090
8090
8091
8091
8092
8094
8097
8097
8097
8098
8100
8101
8103
8103
8105
8105
8105
8106
8107
8107
8108
8109
8109
8110
8113
8115
8116
8118
8122
8124
8124
8125
8125
8125
8128
8130
8131
8133
8134
8134
8135
8135
8137
8137
8138
8140
8141
8142
8142
8142
8142
8142
8144
8145
8147
8151
8152
8152
8153
8157
8159
8160
8161
8162
8162
8163
8164
8165
8165
8167
8167
8168
8171
8171
8172
8172
8172
8173
8174
8174
8175
8176
8176
8177
8179
8180
8180
8180
8183
8190
8190
8191
8191
8191
8192
8193
8194
8197
8197
8197
8199
8200
8201
8201
8203
8203
8204
8204
8205
8205
8206
8207
8209
8212
8213
8214
8214
8215
8215
8217
8218
8219
8223
8224
8224
8225
8226
8227
8229
8231
8231
8234
8237
8239
8240
8240
8240
8241
8241
8241
8242
8242
8242
8244
8246
8246
8247
8254
8254
8256
8257
8257
8258
8261
8263
8263
8264
8264
8264
8265
8266
8266
8267
8268
8268
8268
8269
8270
8270
8272
8274
8275
8275
8275
8276
8276
8277
8278
8279
8279
8282
8283
8283
8283
8285
8285
8287
8287
8288
8288
8288
8291
8292
8295
8296
8297
8298
8298
8298
8299
8303
8303
8306
8306
8306
8307
8307
8308
8308
8308
8309
8310
8310
8310
8312
8312
8313
8315
8315
8316
8317
8319
8319
8319
8320
8321
8322
8322
8323
8324
8324
8324
8325
8326
8328
8330
8332
8333
8335
8335
8335
8336
8339
8339
8339
8340
8341
8342
8346
8347
8348
8348
8349
8350
8350
8351
8352
8354
8354
8354
8354
8355
8356
8356
8356
8357
8359
8361
8361
8363
8364
8364
8365
8366
8367
8369
8369
8370
8370
8371
8371
8372
8375
8375
8376
8379
8380
8381
8385
8386
8386
8387
8388
8388
8389
8390
8390
8391
8391
8392
8392
8394
8398
8401
8404
8405
8405
8407
8410
8410
8411
8414
8416
8417
8418
8420
8423
8424
8425
8425
8427
8428
8428
8429
8430
8430
8431
8432
8433
8434
8435
8435
8436
8437
8437
8438
8438
8438
8441
8443
8444
8445
8445
8446
8446
8446
8446
8448
8448
8450
8451
8452
8454
8454
8454
8455
8456
8456
8458
8459
8459
8460
8462
8463
8465
8465
8466
8468
8468
8471
8471
8472
8474
8476
8477
8477
8477
8480
8480
8481
8482
8484
8487
8487
8487
8489
8491
8492
8493
8493
8493
8493
8495
8495
8495
8495
8495
8496
8497
8498
8499
8499
8505
8506
8508
8508
8508
8509
8510
8510
8511
8512
8512
8514
8514
8514
8514
8515
8516
8517
8517
8517
8517
8520
8521
8521
8521
8523
8523
8524
8524
8526
8527
8529
8529
8530
8531
8532
8534
8538
8539
8541
8547
8547
8549
8550
8550
8551
8552
8554
8554
8555
8556
8556
8557
8559
8559
8560
8560
8561
8561
8561
8561
8562
8565
8566
8568
8569
8570
8570
8571
8573
8573
8573
8574
8575
8575
8575
8576
8576
8578
8578
8579
8581
8581
8581
8581
8582
8582
8583
8583
8584
8585
8586
8586
8587
8587
8587
8589
8589
8590
8591
8592
8593
8593
8593
8594
8594
8595
8598
8601
8602
8602
8602
8603
8603
8606
8607
8607
8608
8608
8609
8611
8612
8613
8613
8614
8616
8616
8618
8619
8620
8620
8621
8621
8622
8622
8623
8623
8624
8624
8624
8626
8627
8627
8628
8630
8630
8630
8631
8632
8633
8633
8635
8637
8642
8643
8643
8644
8645
8646
8646
8648
8648
8648
8649
8649
8651
8651
8652
8653
8655
8655
8656
8656
8657
8657
8658
8658
8659
8661
8664
8665
8666
8671
8672
8672
8673
8675
8675
8676
8676
8677
8677
8677
8680
8681
8682
8683
8683
8683
8685
8685
8686
8687
8687
8687
8691
8693
8694
8695
8696
8697
8697
8701
8701
8702
8703
8708
8709
8710
8712
8712
8713
8713
8713
8714
8715
8715
8717
8718
8718
8720
8723
8723
8725
8726
8728
8728
8728
8729
8729
8730
8730
8731
8733
8734
8735
8736
8736
8740
8740
8741
8741
8742
8743
8744
8745
8745
8747
8747
8749
8750
8750
8752
8754
8755
8757
8757
8759
8762
8764
8766
8767
8768
8770
8771
8773
8773
8778
8778
8779
8781
8783
8783
8784
8786
8786
8787
8788
8791
8791
8795
8795
8796
8796
8797
8798
8800
8801
8802
8803
8804
8806
8808
8809
8811
8811
8812
8812
8813
8813
8813
8815
8816
8817
8817
8818
8818
8818
8819
8819
8819
8819
8820
8822
8823
8823
8825
8826
8826
8827
8827
8829
8829
8830
8830
8831
8831
8832
8832
8834
8835
8838
8839
8841
8843
8843
8844
8845
8845
8846
8847
8847
8850
8850
8851
8852
8854
8856
8858
8858
8861
8863
8863
8866
8867
8868
8868
8869
8869
8869
8870
8872
8873
8874
8875
8879
8879
8880
8880
8881
8883
8883
8885
8886
8887
8888
8889
8890
8891
8891
8891
8892
8895
8895
8895
8896
8896
8896
8896
8899
8899
8901
8902
8902
8903
8905
8906
8907
8908
8909
8910
8911
8911
8912
8914
8914
8915
8916
8917
8918
8919
8920
8920
8922
8923
8924
8925
8926
8926
8927
8927
8928
8930
8930
8931
8932
8934
8934
8936
8936
8937
8937
8938
8939
8940
8940
8941
8941
8941
8941
8941
8942
8942
8942
8943
8943
8944
8944
8945
8948
8950
8952
8953
8953
8954
8956
8957
8958
8958
8959
8960
8961
8963
8964
8965
8966
8966
8967
8968
8968
8970
8975
8976
8977
8977
8977
8978
8979
8979
8980
8980
8980
8981
8981
8981
8984
8985
8985
8985
8988
8989
8992
8993
8994
8994
8995
8995
8996
8996
8997
8997
8998
8998
8999
8999
9000
9000
9000
9001
9005
9005
9005
9007
9007
9007
9008
9009
9009
9010
9010
9012
9013
9013
9016
9017
9018
9018
9019
9021
9024
9024
9024
9024
9025
9027
9027
9027
9027
9028
9029
9030
9030
9030
9030
9031
9033
9034
9034
9035
9036
9036
9038
9042
9042
9043
9044
9044
9044
9046
9050
9050
9051
9051
9053
9053
9053
9054
9054
9055
9056
9057
9058
9058
9059
9060
9060
9060
9060
9060
9060
9062
9062
9063
9063
9064
9064
9065
9065
9065
9065
9067
9069
9069
9069
9072
9074
9076
9076
9077
9077
9079
9080
9080
9081
9081
9082
9083
9083
9084
9088
9088
9088
9088
9091
9091
9093
9093
9093
9093
9095
9096
9096
9097
9097
9097
9098
9098
9101
9101
9101
9103
9104
9104
9105
9108
9110
9111
9111
9112
9113
9114
9114
9116
9117
9118
9119
9120
9121
9122
9123
9126
9127
9127
9128
9128
9129
9130
9130
9130
9132
9132
9133
9134
9136
9139
9139
9142
9142
9147
9147
9149
9150
9151
9152
9152
9153
9153
9154
9155
9155
9155
9156
9157
9157
9158
9158
9159
9160
9160
9161
9161
9163
9164
9168
9170
9170
9172
9172
9173
9173
9176
9176
9176
9176
9177
9177
9177
9179
9180
9180
9182
9182
9184
9184
9185
9185
9186
9186
9188
9189
9190
9190
9190
9191
9192
9193
9194
9198
9200
9201
9201
9202
9202
9203
9204
9204
9205
9207
9210
9214
9216
9216
9216
9217
9217
9217
9218
9219
9219
9222
9222
9223
9225
9226
9227
9227
9230
9231
9231
9233
9233
9233
9233
9234
9234
9235
9236
9237
9239
9241
9242
9242
9242
9243
9243
9244
9244
9245
9246
9247
9249
9249
9250
9250
9250
9251
9251
9251
9254
9254
9255
9256
9257
9257
9261
9261
9262
9264
9264
9264
9265
9268
9268
9269
9270
9270
9270
9271
9273
9274
9274
9274
9275
9276
9277
9278
9279
9280
9281
9283
9284
9284
9286
9286
9287
9291
9292
9292
9292
9293
9294
9294
9296
9297
9298
9300
9300
9304
9305
9306
9306
9307
9308
9308
9309
9310
9310
9311
9311
9311
9313
9313
9314
9314
9315
9317
9318
9319
9321
9322
9322
9323
9326
9326
9327
9328
9328
9329
9332
9333
9333
9333
9333
9335
9335
9335
9337
9339
9343
9345
9345
9346
9347
9348
9348
9354
9354
9355
9355
9358
9358
9359
9362
9363
9363
9364
9367
9368
9368
9370
9371
9373
9373
9375
9375
9376
9377
9379
9380
9381
9382
9382
9384
9385
9386
9388
9389
9389
9389
9390
9390
9391
9391
9393
9398
9398
9399
9399
9399
9399
9399
9400
9402
9402
9402
9403
9403
9404
9404
9405
9405
9406
9407
9407
9409
9410
9410
9411
9411
9414
9415
9415
9415
9416
9416
9416
9417
9417
9417
9418
9418
9419
9419
9421
9422
9422
9422
9423
9425
9425
9426
9426
9429
9429
9430
9431
9434
9435
9438
9440
9441
9442
9442
9442
9443
9443
9443
9445
9447
9447
9448
9448
9451
9452
9452
9453
9453
9453
9455
9456
9457
9457
9458
9460
9460
9460
9462
9462
9463
9463
9463
9464
9466
9466
9467
9467
9467
9470
9473
9473
9474
9475
9476
9477
9477
9477
9479
9480
9481
9481
9482
9484
9485
9485
9486
9486
9486
9488
9489
9489
9490
9491
9493
9493
9493
9493
9494
9496
9498
9501
9505
9506
9509
9511
9511
9511
9512
9513
9516
9516
9516
9516
9516
9516
9519
9519
9519
9520
9522
9522
9525
9529
9530
9530
9530
9531
9532
9533
9533
9533
9534
9536
9537
9538
9539
9539
9540
9541
9541
9542
9545
9547
9547
9547
9548
9549
9550
9550
9550
9550
9551
9552
9553
9553
9554
9555
9558
9559
9559
9561
9561
9562
9562
9562
9563
9564
9565
9566
9567
9567
9567
9568
9570
9570
9571
9571
9571
9573
9574
9574
9575
9575
9576
9576
9576
9578
9579
9584
9584
9585
9586
9586
9589
9590
9591
9592
9593
9593
9594
9594
9594
9596
9596
9597
9597
9598
9598
9599
9599
9599
9600
9601
9601
9602
9604
9604
9605
9607
9608
9610
9611
9611
9617
9618
9618
9619
9621
9621
9622
9623
9623
9623
9623
9626
9626
9627
9629
9629
9630
9632
9635
9637
9639
9640
9641
9641
9643
9644
9645
9645
9646
9648
9648
9648
9650
9650
9650
9652
9653
9653
9654
9659
9663
9665
9665
9667
9669
9670
9671
9673
9673
9674
9674
9675
9675
9675
9676
9679
9679
9679
9679
9680
9681
9681
9682
9683
9684
9684
9685
9685
9686
9686
9688
9688
9689
9689
9689
9690
9690
9690
9694
9695
9695
9696
9698
9699
9700
9702
9702
9702
9703
9704
9705
9705
9706
9707
9708
9709
9710
9714
9714
9716
9716
9720
9721
9724
9725
9725
9725
9726
9729
9729
9731
9732
9732
9735
9737
9738
9738
9739
9744
9744
9745
9745
9747
9750
9752
9752
9753
9753
9753
9757
9757
9757
9757
9760
9760
9761
9761
9761
9762
9762
9762
9763
9763
9764
9765
9765
9766
9767
9768
9768
9769
9771
9771
9771
9771
9773
9773
9773
9773
9774
9775
9775
9776
9777
9778
9779
9781
9783
9784
9784
9785
9786
9787
9787
9787
9787
9789
9789
9790
9792
9793
9795
9798
9799
9799
9800
9801
9802
9803
9804
9804
9804
9804
9805
9806
9807
9808
9810
9811
9812
9812
9814
9818
9818
9823
9827
9828
9831
9832
9833
9834
9835
9835
9837
9837
9839
9843
9843
9844
9845
9845
9845
9846
9846
9847
9847
9848
9851
9852
9855
9855
9855
9857
9858
9859
9859
9861
9861
9861
9864
9867
9867
9868
9868
9868
9869
9870
9870
9870
9873
9873
9873
9873
9874
9876
9878
9878
9880
9880
9880
9881
9881
9882
9883
9883
9883
9884
9884
9886
9888
9888
9888
9888
9889
9890
9891
9892
9893
9895
9895
9896
9896
9896
9896
9896
9897
9897
9897
9899
9899
9900
9900
9901
9901
9905
9905
9905
9907
9911
9911
9911
9915
9917
9917
9919
9923
9924
9924
9927
9932
9934
9936
9938
9938
9940
9941
9941
9941
9941
9943
9944
9944
9945
9945
9949
9950
9950
9950
9950
9951
9952
9955
9956
9960
9961
9961
9962
9962
9962
9963
9963
9963
9967
9967
9968
9968
9968
9969
9969
9973
9975
9975
9978
9979
9980
9982
9984
9984
9986
9986
9989
9991
9992
9992
9994
9995
9996
9997
9998
9998
9998
9998
9999
10000
10001
