10000
3695
7515
3703
9940
6774
2856
7893
8142
539
8850
477
8570
7373
6574
8621
353
9390
7448
1511
7989
9134
1597
6020
4704
3459
785
6855
9170
6382
2178
3339
3376
73
6187
1024
5400
4478
8885
5321
1945
5078
7127
5981
2052
5232
2343
5879
5162
4196
7246
4841
3855
4459
8174
9477
4003
2334
4651
2903
2830
3900
6905
4088
8416
4304
1511
5109
2570
2237
5148
6055
2664
2931
6509
1527
7010
2424
6826
9725
2692
3045
174
4970
4359
5066
5750
7192
7422
2303
5646
7337
9363
68
3323
6023
8388
2345
9896
3793
9551
1286
7673
5294
4641
6246
2954
6388
3638
1399
2985
2800
2320
742
5189
1195
2754
6735
343
8796
815
4212
5149
5605
7636
4276
3858
4100
9924
3886
3041
4848
7483
5567
8369
2943
4933
8264
7368
9359
8620
4756
7516
3375
9030
3208
4749
7083
3623
492
3469
623
4944
2701
5504
7333
4099
3914
2098
1212
265
7743
9989
5277
2755
7433
9882
8234
3322
9345
3262
8687
2942
1576
1331
590
9044
4129
8107
1028
6328
9578
8241
1583
6736
3484
8939
7500
1859
1966
4523
4683
4155
9761
1649
3127
1688
5871
2943
6842
4820
5494
6931
4508
2222
6268
2534
2198
7964
4110
7099
9310
954
8902
7975
1523
3042
3113
8976
127
2249
7098
4729
5259
3209
3214
7857
1798
7745
7210
6230
508
4682
9386
109
3772
9529
9900
1899
4816
1400
2320
4438
1644
6760
7012
7295
2105
6901
1265
4356
4455
8902
6241
164
8609
7817
1706
6902
6844
1215
8333
8714
9155
5918
3890
5144
7680
699
4038
852
6660
8110
648
4504
9251
3123
557
5733
168
6293
5512
5447
3624
4322
9684
1352
9311
1510
4572
7575
5280
1425
2392
4515
5507
9298
8098
2654
1610
2173
7090
1946
2794
5629
350
6632
5397
2986
1247
3837
3602
5404
8594
3163
5862
8957
8656
3619
7352
7864
4776
3706
7395
1425
7023
257
2211
5863
5847
1703
7557
1303
3134
1840
2878
8410
1198
907
8465
8809
5317
1769
9716
8387
8201
381
8159
2772
5422
1327
7120
9868
9314
1208
1051
5191
5050
4921
1454
1938
6745
2460
9054
9184
3263
6781
1403
8454
3134
6457
7501
1008
5491
416
6103
5615
9242
5857
2453
9321
5864
4601
8901
1816
2111
7617
8495
7322
7710
2195
7083
6640
9699
1369
8613
5970
9422
576
442
8446
420
2235
276
8914
5441
4985
4017
2448
8624
636
4312
2318
4571
8554
2865
3695
9426
4131
5663
5236
356
5332
9222
1883
8934
8813
7652
8703
742
5078
4894
7393
8288
319
3845
4208
6757
1110
4236
487
2527
6980
4112
4711
2430
5018
5571
8065
7749
153
3986
3868
677
4503
1393
4897
2527
9280
8927
1629
2383
3158
221
8754
2083
1699
7595
6876
8404
3462
5432
1338
6180
9773
722
251
6707
6776
8953
9443
4202
333
4700
2867
9406
6647
139
3229
3426
4029
1464
9028
6870
4189
2703
1076
8930
4570
8808
3655
8685
6840
5043
2871
6132
440
7685
7572
3641
4284
1818
6190
9442
4108
5649
6294
3532
7829
7135
2259
2980
6260
7994
522
7928
2019
2174
1133
1866
5118
716
8980
9707
9784
2637
7978
5033
3369
1896
6751
3532
4904
3839
4899
3054
7741
593
4817
2020
8090
3810
5207
6957
8773
4877
8918
6823
5455
7269
9554
6505
819
3063
8427
4343
675
5790
5832
8908
4817
4791
8392
8323
4630
2048
7272
1462
8863
1017
411
4019
8803
8474
5642
4079
4139
4539
509
1201
1237
3166
8963
176
6225
5150
4668
5695
6342
8443
5650
6927
4334
6024
5192
1693
2319
9835
9511
8322
3517
434
3556
9571
2522
5922
2493
7041
7364
405
7913
6423
9520
1837
4610
3587
1251
1400
5914
9053
3158
1781
2952
3690
8676
9645
6015
1645
6418
8433
4201
7424
5698
1191
2928
2831
5346
9570
7560
6036
1057
4328
5383
9402
1849
4781
7511
4962
1978
9417
6859
6364
651
7600
8319
3995
8219
2789
2463
5591
4192
921
4694
8091
9389
3783
7606
7779
1759
6060
5520
4785
3094
6518
6639
4946
1642
8279
75
6700
3933
531
2135
3190
7606
4172
8655
115
5879
6855
7952
7941
3454
8718
1994
3084
3106
8648
1757
6427
1992
2387
6441
9060
6785
7980
5183
4592
7165
1130
4248
4521
7883
2871
2253
8176
663
4619
941
1576
8527
1185
9278
192
6792
567
4143
9000
6944
484
1849
9539
1874
5517
789
7707
3537
5441
7126
7944
7009
4903
2140
9123
8128
6906
2052
5005
5429
7779
8508
7429
902
9249
693
3516
8298
4042
8105
9168
2107
5053
6332
9837
5189
4503
6940
6176
8028
8783
6506
6511
8074
6670
9163
319
3291
3511
1648
6870
74
1578
9779
1024
2032
7323
481
3845
2797
9533
4149
9056
2958
8482
7846
7722
8523
5110
1187
2541
5863
974
3116
46
6045
4263
9665
3706
9611
4522
9881
3429
1440
8896
9542
7295
4144
5676
23
9463
7577
6744
2736
4169
1556
9076
7915
9481
8622
6926
252
6033
3747
501
2821
5385
8367
4009
5067
9798
6725
5791
254
275
3643
5937
2705
2523
4086
2246
5374
1088
6613
3686
3904
447
4698
1623
4143
7998
2243
2990
6294
8057
2148
6302
383
7781
9729
977
4495
5685
5975
2741
9399
894
9172
3101
558
6618
7239
8827
1331
4470
7301
8176
9153
7170
3460
4201
9915
5975
8514
1903
4421
5720
464
5194
4780
4744
38
1724
7917
9186
1182
8430
8002
1127
2499
8350
9530
7896
3934
9744
8013
5466
9682
1819
5824
2353
5237
7483
6588
1638
3778
2454
2697
7863
4690
1808
7035
2381
4903
9537
1773
5491
1951
4098
4267
6138
6181
3076
2447
347
8369
3041
9924
7639
8173
6517
3994
652
8287
6542
8197
6953
8953
735
4656
3575
7581
1021
529
4231
8608
2174
7119
6318
9453
2231
9855
9873
9460
475
2300
3421
23
4161
7531
2339
5794
3453
5852
3760
8767
5163
8642
8336
9382
9762
4305
3229
1319
2886
3834
2602
9590
2117
249
1561
4718
2115
8335
7023
9370
6414
8495
4292
7578
2124
1335
1293
898
4588
7589
3309
278
2648
1394
9870
7189
1590
3641
1999
2684
63
6025
2414
8425
9308
5845
3442
9429
7891
6127
7489
4337
2795
5618
2643
5322
8214
8446
1696
6401
6657
3776
6271
5909
3118
1690
9013
6134
1940
2656
5893
712
7752
4508
7531
8299
6395
2597
3157
9210
9114
5956
3343
290
3433
4697
7935
2082
7156
1647
3793
1504
7659
4261
2858
2768
7325
1225
4817
8961
7313
1850
270
6866
6125
5342
9602
7988
6480
1346
32
9418
3808
2791
8292
9257
2418
6955
9185
2626
800
976
971
5931
5856
3540
6921
9034
6957
5356
8637
7254
4606
7237
874
7701
5257
6059
9399
7342
3357
5721
3171
3434
4027
2300
9641
466
4990
74
7242
1585
4304
7792
2346
6647
1264
2651
8852
3487
1443
2797
7340
3796
3239
7858
7353
30
2557
989
653
5254
4261
5264
5605
3455
3903
1791
2753
3962
900
6957
9561
9873
4812
1350
7851
7095
9650
3555
984
7562
7263
7816
9029
7413
9769
5789
9287
8591
2701
9082
6396
146
5112
1074
942
3784
212
3665
8017
6697
289
6983
7478
3590
2639
7873
5821
8923
9018
6022
5493
9878
9750
4928
1243
333
5009
8653
4713
6209
62
4224
7793
2948
8256
3940
2524
6620
5426
1358
306
1137
2051
9768
5988
5455
4950
2122
3088
6208
8616
7014
4794
3286
7400
6104
1681
8041
3650
4625
1151
6468
3643
8070
5483
2569
2708
4970
5069
349
3266
7791
943
6373
4703
1425
6017
8708
1944
1471
7560
2188
419
2573
4446
4409
8681
453
1406
1628
6378
9949
9130
8872
4509
5358
3419
3884
6905
8734
8825
340
6769
6318
2165
1711
9753
3329
9202
3533
5534
2479
3316
8493
3130
2203
8550
5680
1331
6434
565
2649
4493
8940
8209
6513
5717
1734
5203
8205
3940
8891
6219
2229
8832
4170
4079
2789
7573
3367
5158
5974
528
9962
8191
6866
8672
5757
7649
9888
4176
6541
6597
471
7030
6499
5508
6240
4748
4076
2922
6266
9311
6330
1012
7713
5280
8407
4134
172
5765
9705
1264
9348
8315
8562
3861
3399
1177
2816
9132
7211
1427
4507
4948
2133
375
3122
6731
1318
8441
3311
8492
3699
1163
9804
9944
2843
415
4360
9077
458
31
7045
4931
8162
3038
6824
8438
5257
8493
4583
126
4768
9493
5002
2283
4695
389
2409
9690
6601
419
9745
7491
9012
3037
9058
6886
8812
5078
6585
9419
9884
7544
5386
8380
4530
288
3766
1552
9911
6161
8261
2911
8652
6281
5824
2200
91
7022
1071
333
6193
1029
876
5496
4065
9108
472
9493
5246
7198
2300
6399
420
2811
1281
5917
7090
8275
7955
1940
6860
3926
3939
2803
8472
3010
2604
3443
2489
1433
1446
1269
3616
9767
1726
6929
7056
1932
5194
8348
6000
4859
7345
1442
8391
6051
1604
3707
2417
1510
9069
7536
1864
4718
3980
8568
4395
8517
5998
613
8135
5616
6503
2790
4479
210
7658
6382
7992
2691
9771
8621
7441
1847
4618
8130
5558
4057
9799
2054
8942
6998
1981
8057
3673
6155
4900
5314
6690
6054
1386
7383
7715
4508
7355
6402
1638
7452
9695
2466
6671
3934
9286
4211
9246
5714
5028
6655
2740
3569
4648
169
3363
2904
3327
89
3254
4532
1758
9897
7765
2607
1069
2208
1201
615
3267
844
2866
8032
2347
4146
3159
4826
2993
4405
7689
8330
944
789
5907
7140
1527
3455
9571
9747
574
4683
5518
1315
5039
8818
6706
696
8967
6543
5213
1133
4169
620
1019
2365
3938
9575
771
8888
2453
3020
1432
8940
2136
7346
4787
1508
6170
3270
52
4074
3600
7432
3552
2141
36
8624
6326
2684
7814
5550
2864
7561
5659
7020
6701
9679
9417
7433
1548
4240
2167
57
9823
9725
4228
8142
3969
8466
922
9217
9818
4648
8759
1064
5344
8306
8741
8811
2699
7580
8858
1315
6121
7823
6521
1645
3428
5439
5685
771
4233
6353
2710
5855
3672
3851
9643
4460
6509
8227
3505
3903
2809
1122
5458
534
3014
759
4223
7219
7205
350
4059
8561
650
889
8730
2436
5299
1284
9422
3343
4756
3282
6368
7734
8560
6035
1046
4013
26
5294
8274
232
822
5228
5227
604
4543
6603
7517
7938
1065
3721
781
2854
3182
3893
9961
2196
7157
7459
7404
8444
9204
3421
5271
9151
615
5593
7304
405
5318
6836
9978
1166
4916
4455
3293
5937
7999
8081
7008
1705
2391
2490
8997
1328
1350
1749
8602
9618
7260
7741
9326
248
9306
5738
2029
1348
4815
2001
1916
5099
7451
3546
20
2008
9335
8231
2652
3681
8266
4072
314
8806
5722
328
975
5889
6059
9276
1261
2807
2440
6877
3125
7651
410
2526
2867
7506
5768
2953
3975
1870
9376
3018
5217
5174
7920
6602
637
8561
6273
4093
8675
4475
4061
9088
3491
8926
6328
5811
2778
5311
5778
513
2803
601
1962
4642
3257
9389
1012
4914
1608
3779
8021
5616
9060
7471
3028
1420
7999
459
725
4781
3830
6795
3425
610
2511
1533
6649
2332
8735
4638
6762
7627
8749
8943
481
9256
6057
6498
6802
6177
7923
2630
2902
2838
5471
9869
6948
21
468
4515
2329
8896
7412
7100
9880
1033
397
4217
6838
1078
460
3292
3956
5455
556
3751
5041
89
2141
7723
6398
2423
9460
932
7227
8190
5065
9781
5812
1404
2838
3701
521
6810
2824
2873
9083
7595
5603
106
4389
7664
2547
2287
169
6931
2356
1171
5249
166
3539
5490
864
4777
7134
6367
1492
551
3912
5835
6020
4918
5527
3917
2697
506
9629
3147
8322
7941
4869
671
9333
5702
2854
7183
117
612
628
8755
1723
7051
9067
2416
2352
357
9686
8745
9594
49
4794
5149
3145
1439
3657
1578
5942
68
429
6406
1062
1933
7923
3934
1578
3924
5024
6602
590
3116
4528
4301
9072
593
2464
452
9896
5345
9630
9476
7424
6422
961
3109
3361
7055
8627
3700
1255
2677
261
984
3979
5956
4673
5179
780
5795
3486
3260
3118
4046
8712
7189
1368
3179
3028
2542
7701
528
1694
3524
3982
9893
2400
5644
7347
9244
2175
488
283
4103
8468
7971
6508
9720
4911
170
8683
1635
971
7493
9139
3428
8651
2223
135
2465
8750
6767
5939
9368
3779
3880
4973
4533
4588
3997
6712
5562
2967
426
4544
2704
3092
6602
2876
5571
503
860
3976
3239
8517
3274
7659
1638
8465
5963
4822
6630
1944
2997
4032
8549
395
8514
8912
4141
9753
2007
2908
4816
5653
7863
7159
5914
7760
2169
6652
298
91
3605
9650
995
7980
6748
5428
1839
1232
5568
5779
2114
7390
2043
6452
1038
8614
9845
5727
599
631
5880
8646
753
2449
3099
7078
9243
1060
6417
7780
9438
6289
9878
2849
3502
7048
7252
9599
4907
1822
131
9738
3868
2962
7307
1003
1642
6514
6701
7866
4754
6738
6466
1809
8240
7207
4981
5812
7765
8438
441
2125
4081
5379
9480
7224
9694
6745
841
2891
6865
2212
4518
7794
8092
2769
8930
9622
5065
4132
8786
3895
9778
3110
4033
1875
1939
1983
5980
6658
118
6571
91
3513
179
9511
6253
7784
3450
1442
6318
1265
8817
9311
5705
5880
7483
2782
446
1657
6460
6906
3636
4607
7042
1582
5545
8826
7500
6118
9785
6430
4996
259
3873
8272
355
1397
6296
8254
723
1372
3750
4083
9375
5279
1618
7746
8978
8975
7930
9675
4490
1623
6088
1621
4484
4534
4434
4568
5234
7803
1392
9685
139
1810
3342
2269
8203
1513
8673
924
9156
7632
5503
6774
9594
356
2468
440
3998
7958
1647
7735
6885
4867
237
8489
7478
1157
2878
6846
6297
8152
9689
5454
3836
2920
6013
460
5100
7790
8631
9010
194
9698
9762
6001
403
8177
4591
2284
1194
110
208
2192
8497
3968
3909
4297
2201
6216
6576
5660
1373
7779
2542
6470
8911
9060
752
8922
9511
7815
3307
1494
3717
5431
6558
7329
2537
3599
6785
3353
1689
5218
7215
4984
1854
447
5611
9771
1508
1298
2022
2181
1855
5864
4391
894
9219
6362
5685
9398
8796
3529
9950
493
5144
3592
6291
5390
8966
3021
9147
8454
6821
605
409
9421
225
5962
4002
5876
3294
8587
6282
167
3525
1731
6329
6550
8643
1004
8589
6339
3515
8424
6620
1102
5064
8847
762
6547
9831
7209
4414
2603
8389
1773
3333
8477
3165
760
9857
4926
1369
7111
9269
9880
2738
8917
8693
7644
2587
1093
9799
6441
4238
7235
5417
3751
1349
9279
6691
4063
9870
6612
1798
9008
1399
5531
9467
5583
4583
4620
520
4183
8823
1507
8517
4497
5102
1741
6153
4000
1969
1050
7606
692
848
8147
8180
9060
3776
6397
1744
5764
8356
9192
3325
9541
9307
5633
8887
7918
3289
301
6884
1959
3896
3286
6458
9036
6661
4387
5300
2785
9716
8495
6161
8910
4351
7482
4709
5187
1142
7647
3063
4207
1524
742
2671
7721
1758
910
7414
2195
6059
9493
2834
6227
8352
4581
196
1760
7575
2464
4734
2740
9757
3632
5869
6778
1178
6904
3474
7689
889
1418
8287
9348
7506
7709
6505
4192
4838
5913
8266
2959
3184
1255
7226
5715
8339
4415
3787
8106
8303
7086
7648
906
8517
1134
6294
5396
9999
3113
4828
1872
1220
4558
9076
3700
3758
2515
8319
4701
3812
4033
6202
3374
6534
2976
8340
3517
7766
7462
3006
7088
8283
1440
6921
1855
8914
4528
1558
3316
1018
41
6722
7642
5716
2378
7141
11
6996
1383
4774
574
8375
3151
4182
8514
108
3811
847
3192
4169
5299
2630
221
7116
9864
2702
9417
6852
3079
8242
1083
7796
3555
2914
6863
458
1165
2768
1421
5626
4655
4532
1702
385
3765
2508
1153
3097
630
5275
7371
7081
173
6209
2938
8246
9410
2503
904
211
1174
5784
8277
1539
8645
3686
3206
3649
3191
5842
4128
4676
9617
9598
2009
4121
9623
481
63
5433
6472
9963
8856
8899
1260
8342
8499
5143
3926
3780
3852
350
209
9384
3052
7924
9128
9055
4508
7725
4221
9373
2561
3227
5819
9154
7439
9016
862
549
796
5852
1483
5531
4228
8257
3420
9457
4413
9984
624
9027
5233
6090
2973
5399
4183
6387
9845
4484
7620
3980
3528
5519
7040
4346
2899
5900
6429
4906
9644
4956
8979
2450
6372
1842
9951
5890
8460
3078
1351
4830
9150
3359
3194
216
530
9250
5598
1942
1357
9101
5764
9688
6394
4118
3941
7514
907
4891
2893
9775
8285
4894
6104
5737
8351
7464
966
3010
8895
5609
4567
5317
3159
4604
1284
8471
1608
5814
3427
9486
7141
6404
8386
7711
9130
3706
8370
3563
3124
4874
1696
9995
9895
2153
7822
4194
9586
1631
1811
2167
4204
8603
7806
6832
4388
5889
5180
1044
4482
2332
5539
599
3289
7480
3507
8633
6577
5048
9319
2104
1383
2126
6635
3073
1508
3275
4731
2330
8144
8709
208
626
9596
3539
9726
3192
9227
727
1915
6573
1358
3805
3584
2860
705
6714
2582
5365
2120
7160
7339
1459
3898
6795
913
2897
9724
6197
5669
1243
1439
5156
3178
6230
7261
9101
2811
7833
7788
606
1612
8630
5258
895
7533
1646
9803
3
7847
274
200
5833
4704
1096
5578
1732
126
7478
8834
9405
3501
1668
2184
8989
5638
5772
138
949
4790
7484
5485
5079
1706
4722
9405
329
2720
4443
7699
5474
2175
4800
1318
4665
8076
6553
854
3835
7734
9191
1464
3588
3416
9541
6829
1741
1507
5865
8172
3996
2551
8354
7101
4345
3677
7783
9110
7793
9385
7650
7917
6687
1433
1568
9550
8581
3671
6879
9005
7883
3040
7524
1705
5783
3712
4052
6516
2932
7311
6308
7069
7183
8556
4812
3359
4347
2275
165
6151
3336
4710
5888
2581
8354
9332
9021
2549
9855
4927
4558
1968
2873
1675
4320
747
6029
9093
8205
524
7022
8283
5960
9563
756
9760
568
9998
4351
7251
139
5665
9274
7366
3804
7112
4553
4778
8523
4069
6647
2670
7947
4675
864
8571
1524
5017
6513
6454
1868
2218
2882
6970
1102
9173
6039
9024
2355
9343
7039
7587
883
5529
581
4547
381
7427
9440
1732
3991
8960
4016
7776
6201
7864
8308
3436
1421
6812
3226
3177
7339
7491
5753
4332
6315
6459
7711
9033
6112
4377
1092
8218
1977
8242
7801
1519
5743
9635
455
1560
4010
684
7454
6341
6710
3407
9891
8744
9388
7432
111
7921
7394
5716
1709
3353
7840
7791
8581
8710
5661
5318
6287
9270
3400
5314
2437
3655
459
2234
4048
7885
6449
1327
8906
7348
5028
2131
4870
201
9127
2818
5711
3907
5847
3193
4623
5136
9456
6596
6862
2136
3897
8683
1072
7779
2023
4151
4861
977
7354
813
3879
3941
5584
4105
5299
2826
7307
4140
5915
9735
423
1686
2322
4720
609
9097
5626
7511
839
7131
5950
9962
6460
8867
2668
1927
601
7439
4707
5201
5812
5242
1540
2431
1715
8376
9564
526
5224
1637
437
960
9379
6160
7645
2590
9244
3917
5070
6139
8445
732
6696
3324
7924
2211
9646
7766
9270
5023
3777
9273
8587
9373
9763
7876
3288
7146
4165
9080
3419
4247
4440
7173
1161
4910
8931
9190
7019
416
6996
8115
8863
4581
2181
267
475
3579
7016
8448
9539
8303
1438
9410
1104
3236
8134
1468
1508
7085
7124
5667
9422
6839
8845
1815
5246
8781
9637
8920
7470
7072
6089
8069
4696
2961
4996
4650
5095
5427
3823
5953
785
7108
2522
9648
3272
7741
1305
8429
7468
1032
540
6185
6082
9847
8335
1462
3160
8934
8573
4707
5452
4020
7149
6773
2927
1018
7012
7571
5240
9375
3226
5320
9251
9088
7731
8874
3784
1868
9714
7855
1756
3007
1625
7908
6510
2094
2695
1298
8731
7479
1553
6287
2701
1510
7047
2242
5786
1024
1657
1277
3025
277
5092
1371
9530
1594
6529
373
6929
2368
2783
5081
6587
5718
6221
4661
1497
6115
643
3091
822
605
5549
1002
5886
846
9193
3339
4120
1128
8695
5584
7905
2802
1078
7944
8569
6068
2553
3867
1894
5963
4647
6525
409
573
4828
4481
9457
5976
6176
5679
8586
4226
5334
7090
7166
7839
495
5879
3264
6625
1496
6791
7856
498
2225
9618
2160
4921
1506
56
4578
4036
2356
7048
5035
193
1131
9783
8847
7599
7399
7941
9203
2100
2639
9473
7250
8747
826
1230
1409
3709
6814
9097
3054
7366
9042
5944
3934
923
1557
7659
1889
9835
6595
9802
5252
3413
3024
26
3110
1584
7871
4280
8125
6478
7800
8052
950
8729
4983
7418
471
5739
7064
8515
2065
1933
4093
8172
6854
9088
6247
2953
8559
8168
4888
8589
944
2801
6135
6885
8101
8530
436
2602
1824
1231
3909
8493
5242
2791
7150
2732
9460
1991
5092
9292
516
3826
7091
8481
7209
1053
9883
1820
6443
7598
7323
2709
1715
4662
9851
1906
2018
6858
3568
4790
3034
7488
3467
5526
9818
9233
7866
1825
346
8927
1458
2820
2286
2843
2476
1705
1110
1970
5444
4284
6334
5145
4752
4319
4000
1549
5844
6682
7838
3134
203
9689
8493
1767
7530
8728
143
5590
3481
4319
6439
3945
4207
9057
3178
521
9516
9566
3485
9888
4979
1548
2262
3479
9516
8283
691
7275
9098
5514
8241
4889
9079
8575
9188
6615
7363
817
3018
7090
8125
5909
3241
1648
1141
438
7111
4218
4881
7395
9571
7632
2504
5543
8308
619
8648
4525
3253
4419
1433
576
3049
5945
8575
3145
3101
3740
8587
8446
4627
7594
8165
1962
1833
2596
4602
8298
4794
3673
7740
3370
8905
7198
9411
963
7902
2131
9591
2887
6343
4340
7530
9589
9158
4233
3046
5989
455
9645
7833
5487
1100
3046
9173
3629
4733
4572
8742
1776
4911
90
7345
236
1825
6632
2356
9812
5638
5823
8410
475
4932
9683
3456
5973
2960
2118
1664
3566
1453
3761
1890
8830
1570
7420
5385
6441
4265
6338
9300
9247
7803
7704
3123
9540
8463
9415
3673
8437
1575
8944
506
1521
3919
9391
7691
1526
5286
9223
9757
1689
6523
9091
9358
6669
3726
1164
1668
1416
3436
3893
5878
2224
1645
7851
7259
8355
232
6347
4264
7074
8048
7882
3826
9732
256
6212
4651
1587
8832
7743
2638
3500
9065
5332
4793
9294
1870
2153
7981
8661
9297
9241
6714
1782
1135
5547
9786
8510
3830
9934
9005
1890
8968
359
4579
3139
7565
6715
717
2696
8091
279
1956
9950
694
4518
5363
2382
7480
9132
6332
3475
8817
1638
5962
7473
8672
8554
6172
8319
7726
1273
4643
9522
1635
130
5445
1462
3251
3793
2759
2767
1784
152
4525
2771
8985
9155
9998
2789
2255
7665
254
4958
7248
1367
3462
8736
8034
8958
7410
6810
1156
9435
199
4118
1045
4180
6292
5954
8134
1676
9158
3748
7796
4229
3661
9968
7714
2849
1034
6842
3683
8582
6755
7107
9001
5985
7019
8823
565
7236
2605
452
5626
3348
9870
6877
6691
2419
7389
1757
8555
3439
3333
6794
601
8240
3029
3783
9605
3449
8375
1123
3093
8924
787
2421
1007
9088
7178
1205
3856
8831
4061
2386
8890
6188
8420
8094
1873
9886
5112
2758
1004
1014
9774
9927
1199
4608
2969
1184
1572
8677
6127
5772
6210
5396
2211
8012
8594
1570
4496
8498
2924
3224
4869
4149
1458
2257
9093
1695
5507
1434
168
8938
9235
7701
2552
8204
9548
2768
9346
6838
2468
4262
1767
266
6213
308
5254
4197
3846
5385
9323
3869
3895
5508
8995
9907
5584
6372
4006
2286
6427
8944
8298
6230
3886
3169
6362
6385
9486
1984
4874
8592
3323
4579
7780
1720
9293
26
473
5610
6484
9804
4073
4960
186
454
3869
3180
6761
5747
7050
4685
191
1003
3494
8870
4599
979
33
4096
6177
6683
2970
5447
89
5780
5812
5669
2708
5919
9227
4803
7228
173
8001
298
1187
9093
5471
6075
7715
4382
9294
5970
8398
5120
3714
4250
4639
8585
2565
3498
6034
4262
4077
8046
8891
1430
3326
9367
5340
7803
622
8350
3664
9182
4479
8217
3441
7777
5923
1010
4899
9941
6878
15
479
2410
9091
274
8011
9843
1645
9448
9152
5426
4512
1641
3761
642
2746
7572
753
9892
996
5445
8623
609
770
8268
4326
9762
3568
4947
7490
3144
1421
4537
8017
4797
2644
5212
9081
26
4680
2171
4237
6999
7799
1581
6890
8713
3110
839
2747
9243
5861
9019
1038
5597
304
5139
8240
9274
5571
6113
8879
9648
2921
630
1544
4710
3502
45
4696
3332
2317
2423
6046
7250
8508
1285
1367
254
4222
6317
3417
6708
4381
9326
9322
1402
7454
5070
5276
8080
2993
3238
664
4429
5149
4813
9858
7280
2604
3333
8802
2891
4474
9157
5308
3715
8593
2722
6429
4833
3297
1026
3708
371
6326
60
7234
2656
4809
4769
2410
4567
8390
7277
9155
8676
3554
3564
1815
5038
916
8557
9562
3278
8858
9689
1165
3523
6232
9391
5199
5099
4118
7665
6473
1510
1540
6956
2246
5128
2953
2827
7182
5309
5894
5639
4350
9164
5663
365
653
5112
150
3974
8977
5522
1995
2365
6098
6211
7159
1795
4932
7428
8683
2887
2029
3028
1901
8886
6418
1984
2739
3636
3870
9139
3805
8920
1448
146
3982
5246
785
8925
5968
4976
5004
4614
2758
1726
3358
9051
8511
5427
9763
5049
1353
8103
6214
414
5785
1471
9761
2545
63
3803
2184
3723
9676
125
4829
7740
1395
6819
7111
4388
3699
8941
6177
9519
8388
6175
6903
4873
5154
1240
5945
3684
5511
2763
942
5181
5029
3182
6108
3546
3140
1068
8438
4634
7901
6405
4556
6806
9065
6824
6823
605
6553
2581
8723
5684
3017
8142
3824
2383
8534
8635
9598
9681
2700
157
7263
819
4393
3942
1486
2899
2280
5719
9233
6920
9808
3275
5367
335
6831
7167
3716
5064
6331
1805
6184
50
8701
6750
9281
8992
8004
928
6949
645
4284
5698
915
1239
3524
6230
4983
5952
2164
4505
7642
9180
6237
1351
8167
1336
6117
9466
4990
3336
6643
4065
1535
8561
8941
2983
3931
6129
4668
3340
7082
8584
5593
7712
385
1722
1419
8687
2115
4245
6618
7059
1892
133
2639
5576
4025
7218
5324
7084
557
1273
8613
3215
1802
6170
4705
7349
3864
7072
7719
3466
7175
5528
2575
738
7465
2365
3386
2213
698
6774
5889
4807
6542
7696
6658
6945
667
6672
7734
9679
4849
9706
9098
6858
5185
9355
2963
47
3027
7266
3270
4262
250
1678
945
1312
303
4029
508
8582
9219
3750
6420
2389
6165
546
8215
6740
1472
9062
1909
237
1125
1636
1400
6206
669
1124
7702
3636
8167
7146
5702
9516
5415
6031
7840
6259
8970
6787
1609
1532
7697
2856
3125
1573
1532
2206
2105
3252
6961
6305
4594
4621
8278
1943
8477
8430
156
8529
3457
8197
6251
7457
1495
1830
605
9522
5961
3483
3506
869
7711
380
1062
8013
4167
7670
8295
7605
3080
1015
8798
7259
6114
3603
137
9574
8658
1514
3071
2668
1336
9000
4404
7083
5568
3101
7834
651
230
5264
4485
112
8999
6117
5020
630
8231
8450
8161
2154
3434
2532
6278
4606
8275
7413
7282
2239
3852
1610
3489
1206
7545
6671
2343
3360
114
7496
929
3627
6942
4040
6065
7907
4288
16
4419
3374
4298
5562
2583
3324
3098
2501
5325
4235
4769
2774
1341
3619
266
2890
9752
3376
4410
9859
7301
4906
5947
6928
5784
8994
5408
706
1550
5641
2981
4737
4124
6423
3925
8445
8937
4710
2221
4550
9986
7131
4067
2448
1807
3050
1618
9899
6588
7492
3911
396
1464
6941
6326
9042
3096
6771
2110
5402
1443
3652
9534
7924
2380
6229
6017
746
9202
2610
6263
457
6422
3756
4825
7274
5334
7732
4842
2409
9729
956
3697
976
1903
9105
3304
7687
3615
2085
7353
800
4006
4672
416
8317
6689
6775
4101
9239
1146
5091
3578
1888
9407
936
3783
709
7551
7416
8310
2775
3033
2774
5619
5304
3003
5786
6564
5899
5885
3308
4411
7904
8312
9776
3579
4347
2170
3338
6105
5233
2005
3566
5508
4618
1314
1246
6164
5873
7367
1608
2539
5785
8103
8559
6751
775
1395
8941
4751
1374
6489
2686
1181
4330
9805
6826
412
5248
2434
8747
6632
8499
4665
6866
8966
5262
3623
4891
8574
5080
3777
9268
3409
1014
6401
8045
2917
3636
3389
3416
9317
4455
2793
9484
4332
5107
8356
1421
211
4653
2954
2142
1735
3674
6342
7808
1525
504
900
4095
4407
1893
5168
996
7872
7682
3874
5094
4718
6650
4906
4770
854
8602
8191
5606
5954
5963
8822
347
7136
6701
6929
237
6194
9190
9768
2271
9007
8827
7300
9986
1739
5655
1126
3746
2164
2000
8068
209
6055
9264
3906
9597
7936
3372
9847
3744
2710
9117
4096
7517
9679
4642
3656
1074
3286
8677
6868
771
5570
4736
5558
1976
3733
8531
6745
8008
2522
7029
7749
5542
5155
274
5327
8347
8452
9905
8942
8008
7489
1566
671
2424
2624
1937
9403
291
7069
4888
4944
2526
6296
5495
8487
9652
1538
5053
9430
7512
8394
5033
5025
2400
8097
2995
8506
651
3449
8892
3415
7055
3550
5886
6693
1087
1512
5864
768
9873
7150
6114
5358
2034
2278
345
2964
7155
9690
4159
8204
1426
8152
2329
9960
1263
4836
2920
7122
3143
3465
1060
3211
9732
1177
3514
2515
9498
9601
3621
562
9416
5964
5094
4709
8142
8213
2245
6436
68
4008
3732
5519
9054
7306
6647
7694
4287
7730
7892
1617
9777
7372
153
8022
3205
6831
540
3763
9567
7329
929
6166
9888
8550
439
8520
5619
2479
2089
5901
4803
2002
7646
1559
7026
9217
6976
8069
315
2566
765
4139
4655
3709
8401
7531
3599
4793
6003
6880
7575
4283
3135
403
9889
4821
543
7417
9231
9737
5440
9415
477
5768
5301
1045
9007
8309
5922
7738
2390
2083
4577
5963
7349
4523
4506
4159
9128
1323
2677
7193
5114
3653
8819
4915
4405
4348
10001
5808
310
6006
1759
73
3310
7390
3667
2546
7882
5781
4561
4791
7762
1997
209
7428
719
1707
4119
8306
5729
1305
365
9464
2540
9201
5891
6020
6077
3627
8521
3071
5828
6258
6132
2516
3495
6840
1828
282
463
7822
9792
5871
396
9533
6555
367
1241
5835
2819
6097
5203
7399
1689
948
4920
4721
200
3090
8950
5862
2347
7231
9968
4507
3498
1917
4597
2378
8017
8435
4681
6324
4190
5796
5988
4437
3184
3043
1825
7503
1588
9626
5847
1691
380
6953
472
6003
6638
9419
4742
3232
8171
1140
8197
6390
5380
5476
5426
3456
9160
7948
9284
2090
8363
9675
9467
2518
5514
7574
7138
1164
4795
9700
5584
9846
2070
8889
1524
5298
2739
5585
1599
1675
9547
1167
3837
4262
9111
6416
4428
6110
2918
5841
6035
557
5797
7528
5010
1661
2468
9868
1425
1472
669
1081
7603
7752
7584
4832
7951
8276
4785
5332
5358
8157
5812
8371
7141
4780
9562
476
6571
870
2227
7010
4410
9998
220
1408
8551
358
6647
2053
8839
2110
4283
235
8495
676
8728
2579
3125
3491
6411
3925
3301
449
3497
2181
6861
8993
3374
4909
2724
3157
2340
8539
8795
2238
5451
5016
2788
8730
6994
7415
6251
7137
3027
5573
8881
4917
6586
5201
2370
4347
9704
9031
421
9407
248
6592
4323
4926
5684
9969
1546
6179
365
6502
8180
5874
7749
5822
4699
2055
3960
7819
8583
4819
4592
191
6553
1946
2302
9103
3896
3558
8813
4078
8180
3739
1239
8829
9997
2674
9354
2909
3872
6335
7309
5274
8361
1977
673
9685
5544
6795
7169
3648
6621
3975
7442
7125
2108
5066
380
4579
2256
109
6045
4134
5765
7287
8086
539
2571
1985
6697
4477
9593
1119
2617
9335
6635
2314
2435
7970
3378
9116
5586
6237
7349
2805
3798
7082
7080
8560
4470
8873
4291
8725
477
4270
3853
8800
265
1472
522
2350
3712
7909
7043
9516
1216
7577
8997
54
5749
7170
8064
5917
180
2793
6758
236
5118
8697
4575
9337
5659
1726
7576
1823
9053
427
867
4209
9035
5660
6193
5589
6808
417
4886
4898
3054
111
9839
2988
187
1021
8778
8356
9097
3842
5178
9757
66
1266
2408
1087
3264
3446
1365
3992
186
2793
1741
1405
3839
97
2355
942
2028
7198
6498
436
5139
7574
4142
9233
7037
5127
4021
7874
5313
3146
5096
5752
5003
10000
8740
934
8122
5452
46
8936
9873
1667
9172
7511
1235
5927
1290
2654
6789
7908
6854
6992
6084
2933
2184
5451
6647
4074
4128
4721
6815
147
1480
2350
6954
3758
203
8578
8381
3337
9081
8954
281
5826
7385
8658
6302
2119
6358
65
4100
5674
1907
3517
3144
5799
6725
7565
8288
1050
6281
8979
9257
4889
4601
4750
9096
5302
2547
7952
7791
2424
3454
6889
868
3399
8391
2262
6559
1652
6069
195
9296
8579
483
9963
1763
9222
2710
3961
2498
9967
2010
4091
1129
5457
5351
3066
8729
4036
3767
1368
6496
5825
8624
604
1975
5236
749
1800
8386
197
657
2838
9265
3656
8657
2670
7608
9009
9470
1212
5949
75
7217
2886
1424
7903
3073
8664
7760
1249
9739
6175
4323
4990
3964
9936
932
771
823
4082
5930
7299
1153
8140
4176
3387
6640
2275
1113
5522
5412
2285
8784
3091
4670
6101
9804
8680
5878
2997
5678
7863
2355
3898
6575
2772
8715
6157
666
6400
6545
9030
2530
51
954
6696
1709
4694
8165
4111
4523
7993
5220
7256
4484
2804
9024
3408
9261
9576
3468
8948
5036
4671
161
1899
2321
8980
428
3947
798
6341
3668
1950
4629
9292
9897
2135
3782
432
2372
1103
1429
1321
9553
6519
2215
7206
4326
6944
1290
5141
2460
4662
9425
5090
1489
7522
5187
8434
5920
5849
1251
6012
4535
8310
8191
8269
832
6206
5780
3386
8193
9176
8815
5388
7240
6505
1682
3104
4027
7327
3555
2622
4205
9890
3955
395
88
4741
6648
1524
4708
9234
8354
7894
9333
1015
7614
3834
8697
6367
8285
2762
1232
5145
1594
6858
9979
7891
484
3246
3490
2191
45
4394
5115
4820
8237
7475
3268
3319
1817
7270
4969
5762
3438
9901
9852
182
7152
118
2079
5874
1300
3186
3158
7128
9653
3489
9533
6314
3969
5932
4999
7207
3755
2891
9481
1421
1851
9064
2524
450
7740
8868
1977
3349
3952
6250
5749
5415
4826
4716
7303
6367
986
6191
3581
7436
7391
937
7429
5583
7582
7139
5271
9604
1837
8038
4795
7280
2339
6495
6680
4914
4179
1759
9060
626
7055
834
3304
580
8843
7365
4990
2961
8880
4219
4445
7978
5761
2063
7154
3393
1723
5139
5466
4204
3279
7180
9579
1934
5672
4939
7520
3723
6914
4177
1037
3906
5726
3083
6682
1082
6507
1129
9136
1831
3630
7109
6907
8160
6814
8741
8851
9538
9101
7616
3695
1939
9062
7519
3697
5716
9233
1153
7919
1278
3525
210
177
6642
7366
6341
1692
3640
5644
6081
8685
299
5224
1094
721
5287
733
6160
6520
6621
4585
1287
28
884
4829
1043
1187
1086
7293
3721
2485
1013
1688
5356
4634
1392
4901
8728
2048
8561
8509
5480
1595
9426
1716
295
6132
7463
5384
9639
7710
3273
7558
4023
4012
9773
6053
1956
5577
6477
8996
5798
690
9550
9963
4577
9404
4284
384
6516
8125
4516
8206
4458
1419
9095
8456
714
8247
8988
8346
3926
5723
9859
6771
9462
4667
4031
5700
6613
7709
2622
8829
357
2503
3344
1087
2859
9765
1975
1104
9994
8223
5817
7605
1198
6372
5604
9814
6731
3931
8264
1459
5008
4303
6695
7698
4134
3011
4301
4396
5946
6062
1403
9608
7932
6529
7843
7765
8268
7230
1118
8183
1837
2323
2189
756
619
900
1748
3417
92
1186
8190
7867
4416
4843
4759
2386
7080
7058
7463
3096
402
9573
7180
7949
6859
640
9127
958
7503
7993
322
7682
7979
8354
1050
6808
555
9764
9416
6870
1412
1039
9069
1548
6036
6073
8907
1813
1965
9333
161
8244
7374
2960
634
2253
6025
5111
8064
680
3958
3871
4615
4205
976
940
2282
6419
435
4595
4666
6989
4160
1924
3999
9371
5408
6262
3581
737
1706
6883
4837
9443
1126
4546
5104
3183
108
8258
6963
9283
8276
5760
2409
7006
5882
2675
5510
677
2470
2984
5325
1526
1160
6569
6784
5621
1541
7916
1027
5053
5585
3782
8242
9621
5234
6578
5424
6641
7326
4565
8720
7251
1405
9575
4959
8583
8611
7870
9874
2517
5330
42
1068
3402
3583
1376
2324
9053
1212
4973
2004
1643
8868
6147
2472
7696
7508
8050
9261
9245
9675
5328
8468
1490
156
4700
8332
5791
6812
8819
6305
633
327
2479
6015
7431
2438
8316
9525
2422
5780
2500
8998
734
4927
9640
8491
3743
7432
28
953
6311
5678
1782
7731
6122
5260
4937
7864
3443
3237
4559
2305
5896
99
5171
3808
9549
2572
9300
6692
4537
484
8895
1936
748
9861
9485
2154
6660
6092
3470
7849
2330
5627
743
1072
5769
1920
1949
5124
408
1606
2128
9216
270
9789
236
5209
8547
9160
3077
9434
4786
6262
575
6399
5657
9607
2973
2736
4330
8608
9547
9142
3950
9328
2735
5246
1352
2877
1213
7381
8224
4983
325
1998
8229
722
8606
8179
293
6697
4610
1060
192
4042
9185
4331
4836
9567
4477
3953
6294
9063
2466
7211
5445
6344
2631
845
8379
3957
461
9562
2192
6639
5970
1508
668
6601
4097
473
4470
500
6963
5487
4946
1561
1284
7259
5416
6725
2954
7491
8911
7939
4799
1458
6704
8740
2785
6455
7732
2132
632
8718
4987
3422
2661
9268
1328
2171
9984
4728
3791
696
5688
2630
2445
2670
550
1997
7141
4265
1963
9030
3029
2046
5292
4648
3704
6328
8666
5300
8964
6079
9318
983
2756
1632
2043
4745
5705
4414
8071
6041
5739
8717
5708
6312
9846
9133
2476
8869
9714
8691
2167
6770
4146
6958
9200
1740
1489
4409
6995
4397
6087
9230
6707
1045
3727
5383
7555
5129
2467
6225
265
2070
6792
6293
699
4657
5090
4940
1562
2412
2659
9445
6350
2455
5079
1936
1099
1233
9653
4018
6379
6207
5865
5336
4040
4098
9308
7474
698
7601
7372
2592
2649
5614
9149
6952
4981
2995
6457
3116
1020
4596
7671
1027
6921
4902
1130
7367
219
8998
307
4671
444
2779
8601
6518
4547
313
7690
2762
9795
4115
9681
9284
2050
9702
9961
5
7899
9264
4600
5020
4965
534
3465
7616
5929
6019
7753
4693
8257
4619
8575
9604
3474
2408
1432
3827
6904
1799
9955
4026
1245
8671
1079
4024
5115
5181
3059
7051
705
1900
7088
2157
3117
6695
3139
184
7566
9339
714
8843
9702
230
5554
3519
8541
8783
4121
300
1172
2063
8677
339
3290
7089
7087
180
9883
807
3185
959
5951
253
5445
484
7994
1616
4020
6124
3184
1040
8768
3165
4658
1854
3807
2831
8141
2631
7341
6515
7253
7976
9025
7937
2267
9286
977
2938
9855
5830
2714
7374
9364
7475
4696
7216
4612
9119
18
1356
8801
3473
8812
6857
4170
3239
5333
8411
7332
5879
3473
8649
5826
4236
2365
3587
1376
4052
193
7990
570
5080
889
8702
4236
5924
5402
130
2682
4016
6486
4960
5110
1185
3560
4899
8039
2197
2051
825
9363
8296
9896
9034
1805
328
2371
457
1933
6324
5264
2712
8675
6559
5548
607
8312
5067
8203
9380
1306
331
7564
6287
9991
9447
1709
484
5147
9441
8773
8086
3816
6644
4774
9216
283
9992
3618
6487
7134
6962
1216
9848
3495
1526
7349
1011
3166
1877
862
1790
6177
2010
6039
4578
3519
5276
600
9952
6284
9923
8686
5893
7234
6333
5351
5507
4975
3177
2692
5251
8310
5024
1496
3688
1110
7089
6503
1578
6095
3736
7804
7676
9271
6127
5698
1088
5475
964
1388
215
9462
6675
1331
376
6260
5567
8743
7048
9170
515
1793
9335
3693
2541
4384
8757
924
1284
1998
1715
4497
3832
2153
140
1050
8607
6180
3701
5356
103
6705
8701
7745
7142
3080
3342
3269
1994
5221
6357
9176
276
4838
6203
9674
1796
1906
985
4740
676
3336
5063
2758
9064
281
6886
5157
2431
328
4049
4883
6108
827
5771
9565
2023
115
17
4506
1862
4014
2395
268
7835
6062
6563
4556
5093
1258
1403
8326
435
4749
8495
1640
438
8844
4517
5613
8357
4048
7137
3011
3242
2344
9663
1548
6609
3906
9292
717
1662
1589
6117
5139
7630
1124
5240
4825
7037
8713
2310
5496
6929
1937
3605
158
5972
4321
5354
6513
8124
8656
3452
3443
146
9322
3914
3838
4618
9189
6464
287
2286
2451
8529
4837
7631
714
4544
3901
9309
6042
5967
4676
2811
1295
705
9975
6090
5059
6729
4225
169
5735
3592
4633
5860
6965
7299
7914
4536
4448
8484
4874
5670
2427
1246
2224
6297
6649
137
3400
7939
9431
5770
7981
4610
1639
5321
2275
1528
5816
2802
2089
7843
4489
5380
2301
8348
7791
6259
6913
8455
4888
1698
7541
3948
4460
9550
7916
2046
479
9409
6898
3084
892
9938
2778
2814
8436
7183
7161
3733
4794
8866
7612
118
1594
3482
4439
5529
4291
9834
8458
3406
7920
2096
3395
1104
6900
7940
8733
5212
4596
2334
6184
1305
2187
7687
5773
4462
529
1720
5528
7763
3187
8145
2161
4805
3554
1531
8826
8797
4096
7090
9975
5205
1132
8048
2718
7120
4295
8199
8644
2506
5832
4856
23
335
1235
7921
9570
8226
9377
4060
3453
7686
7223
1114
3170
4263
1554
6744
3029
9046
7646
7061
6515
4783
2775
5555
6605
4625
683
9943
2217
3989
1560
4744
5419
6362
1034
406
1748
2007
764
5513
9084
4481
2695
7297
8831
3613
8813
7036
6925
5200
8349
1168
1081
7030
4736
5993
5097
8052
5381
3677
568
2524
8307
9969
1368
3801
1074
9458
6438
3018
9050
2576
2012
6442
2015
9574
5289
1452
435
649
7699
5235
5257
8163
7447
2128
8020
6351
7815
5277
1276
6361
9801
5745
2846
9568
5125
7570
1256
115
8385
371
3880
8423
5172
2073
3746
988
6347
3067
5768
8263
7359
9705
8225
1548
5476
9393
724
1981
7097
1782
5619
9453
1960
516
5812
7020
955
7866
8307
6833
9531
168
9425
6895
9216
5492
4647
4059
5655
6145
3254
7618
2749
7767
5576
9519
8952
3609
8524
1843
3631
7297
3310
9477
8480
9901
7793
6107
1403
7438
4690
4651
8079
3087
6105
9000
9399
4329
4212
2578
1414
8985
7782
632
8052
5708
4275
7387
5894
3870
7642
6243
4591
4954
2698
1073
6125
2615
7941
9291
1046
1365
32
2888
70
4470
4819
1907
4971
129
1712
5924
3568
1214
543
3027
9804
7969
2585
2517
1382
4914
334
7081
4270
2934
3864
2558
5445
5001
5076
8576
2756
9333
5031
1313
3456
6913
3674
435
1055
1251
5738
5864
3506
7003
1384
6435
4402
669
5241
1758
2880
963
2867
596
7216
8623
9416
3979
1715
5481
1285
8883
6459
402
7873
8835
4666
5349
7213
1053
3033
8267
6237
5865
6255
768
3660
3029
8118
7637
1112
1371
8056
2062
5991
2610
3867
5256
7777
7672
8390
1525
8029
3914
395
295
3149
4677
7686
4642
8142
8371
3433
1864
9058
2896
5179
5399
1589
2636
9600
8926
3367
9467
5103
2915
7926
6269
8687
1073
8981
1318
3043
9114
4745
4527
4878
1159
3274
2067
5625
9670
1560
4132
1310
3246
2990
1738
9179
2957
102
2359
4890
1848
2143
928
5565
4222
9833
2289
795
965
2959
3499
5824
4698
9950
9599
8556
3852
2398
4409
4793
7915
1689
8713
4135
7031
9306
1790
2383
7900
7203
8694
4932
4499
9710
4856
9659
6519
3799
1703
7109
627
332
1755
394
9667
4843
9400
7168
2709
2827
3974
1266
4552
1100
5111
2177
6652
3797
6374
6353
2787
8816
2149
5578
1777
8135
4485
4093
6515
3314
1099
7972
3208
5705
3142
7385
7305
9415
1457
4808
2825
3934
3074
9968
34
2443
5444
5390
2261
1325
4541
4774
6495
6141
4367
103
3916
9452
9627
2394
5930
6245
371
5291
8462
3449
7287
336
2259
1040
8932
7683
9828
3577
7751
6232
184
2675
9941
2793
1126
2853
5381
654
4932
5511
7741
4210
7503
8325
1595
7726
2835
318
2958
3172
4393
6006
1943
4152
2501
5593
1479
370
2149
2019
3951
9883
8778
9787
8437
4362
530
4991
4830
6027
4247
737
7534
3543
9013
7216
643
8212
5484
1099
8590
1055
1415
4665
1051
6038
3788
1042
8626
4582
5808
8339
6214
1801
2633
2035
4368
5409
3175
2034
4970
4137
6548
7974
6499
3695
823
4049
5890
4761
8659
2467
8532
9347
8996
2863
5292
8958
6628
3558
5632
421
1678
9345
8846
3002
9204
9669
1264
3468
5083
508
5844
4150
8108
3058
1998
2719
9752
2377
7753
1385
2501
9597
3328
7555
4806
1975
5144
7575
5741
6116
1864
143
5271
1000
9611
6203
6658
9157
1747
7682
5989
6208
9757
8341
83
1378
5622
6137
8071
4049
2881
8026
3856
4435
3046
4926
6376
9601
6441
6701
2023
9599
1666
4415
9005
2333
5902
9896
6473
9919
9017
683
2252
3737
8084
1795
1727
214
5307
4451
7036
4373
1589
5872
106
3680
23
3579
5241
358
8428
2245
7008
6400
7724
1072
6981
1850
3433
4924
8521
3552
853
2985
2248
8552
579
4605
6096
3600
9956
3149
2917
9787
7783
5186
5509
9262
4105
4139
3592
9176
4316
4659
9832
6532
6936
6387
2264
6458
7414
3550
8657
5560
6108
9861
4273
1499
7179
6569
8270
9673
6558
5221
5517
8020
1395
5624
36
1315
394
3873
3428
7080
4346
4884
6695
6220
8787
8818
6653
2875
6233
1030
8804
9584
3696
727
6940
5860
2309
4385
6059
527
9807
6163
9198
758
3316
9060
713
3664
9494
7324
8207
9491
1333
2799
2823
9018
6208
5274
2956
1551
7641
9684
9547
4123
4093
1038
2086
6889
1696
1350
3222
4571
4217
1489
6410
8820
2827
4904
5455
1797
250
9447
6993
7010
8736
8171
6935
9399
8956
9880
9771
3082
7429
5469
5216
1774
3328
6658
167
3857
1666
9559
5177
1375
8750
6744
3712
9806
7528
7930
9404
3348
4999
1240
1108
8712
1203
4094
8200
8869
9473
5223
8752
7122
615
7054
1474
952
9479
754
8162
4591
958
4597
7211
9030
3927
4
303
8279
5771
8593
3766
1071
7306
7886
3285
7935
7639
2946
5703
4566
1264
6127
4395
3807
5123
7390
5409
122
1661
3181
9967
2514
5027
2743
5199
3996
1449
6899
9044
8425
1596
5854
7155
8324
2216
9381
9315
572
6752
4831
409
365
9760
5903
6306
7663
7962
7778
8116
4527
1533
2360
9304
6189
2851
663
8811
3461
6322
8113
9980
9218
2156
2504
9423
7040
8995
3669
2196
5867
5117
8526
9626
480
5689
5110
3978
4028
3911
4451
9790
5414
7278
9671
5115
1356
6239
7607
7230
191
1464
9398
6370
2086
7653
2983
8002
8214
6368
2284
8791
9695
7729
4927
3962
5567
947
2818
4071
7965
6703
7638
7310
1766
105
6331
9466
5478
1638
107
7360
9888
4839
4079
3214
1081
3765
3701
6743
4876
276
8477
8968
361
1061
3004
6796
1329
6966
367
178
5679
2698
3137
4331
4531
3243
2782
7944
4778
4436
9180
4542
1031
9063
8075
8275
5541
6584
5866
7250
7571
4111
7852
7260
6894
8622
8239
6236
9623
5579
7624
5110
8431
7076
6395
3869
3345
3432
578
2562
3781
5773
10
5769
7248
3531
7393
5603
5256
44
801
2722
2337
1458
1503
7008
9827
9007
3578
9584
2053
2396
1743
5667
8959
2508
9069
3388
5769
4919
6764
7156
7356
1845
4166
5392
2155
9036
8151
1562
8137
5853
7769
4287
1185
1349
1651
7017
4496
6464
2877
296
6087
2670
8432
9911
387
344
8105
2390
9010
5951
764
5283
5256
5713
4281
3339
6717
4882
9080
3361
378
5924
4294
9843
5077
5998
9773
702
6834
3943
6852
7451
3649
9665
5700
6945
7648
4296
7312
2503
4150
7773
3769
629
9159
1605
1260
5826
9096
8510
6539
68
9129
7307
8985
5394
9402
1050
7239
7741
1651
8655
1519
7705
2229
5526
128
9190
1395
6611
1428
68
2881
6115
614
9905
2210
1729
3975
8570
7010
7612
2020
6147
7650
9623
6853
8891
1956
8324
8448
8224
3435
128
9153
9761
8487
4650
5627
7156
4419
6763
2699
1228
6728
5195
4171
8241
1063
5574
1457
2499
2583
4755
2162
7473
2990
4991
7143
6563
3426
1054
6464
9305
9641
766
1721
1329
4351
9553
4688
6719
565
2627
9945
9512
8779
4204
2226
7100
417
1720
7603
1972
9702
4497
1256
9867
6147
464
3647
1763
358
1640
1145
4349
6474
8903
6843
8593
5624
9237
2156
8896
6149
4166
133
5928
7911
6307
6872
4667
63
2144
8364
5484
3864
3006
6261
112
4732
2959
7530
6302
646
1887
9787
4589
7193
4358
6229
8164
3091
66
1479
2123
3870
9610
2459
1548
5524
135
6386
8757
4422
9027
1446
8883
4537
180
4307
9489
8138
6689
2652
4286
1501
5749
247
3270
2893
6498
6631
1553
6115
9130
3475
7028
9231
4135
4905
2599
4765
3778
9619
2206
4586
4055
8512
1083
8
4267
2710
9793
5206
3092
3392
8456
9938
4575
6590
2300
5799
4788
3291
2132
8745
111
7585
3705
9453
1050
3323
8045
2258
1280
2878
784
2859
238
9868
2277
4740
8981
1479
1860
4390
3267
4966
9024
5746
4853
7212
1404
5055
1851
5887
4592
8321
1662
5637
1492
4889
5478
3003
9680
2333
1634
9314
3585
9800
6204
1670
4646
9225
3125
8328
6602
6423
2902
6255
5011
6977
8454
5486
9773
5018
9027
6977
6910
6574
8268
8107
1248
2944
530
2744
4715
3752
274
801
5931
3761
3013
5622
5578
2332
2709
6182
8516
9486
9709
5120
8090
7915
5374
2889
210
6048
4421
2951
4809
3231
3615
2874
123
4489
6000
1428
863
8943
3071
2328
4773
2931
3460
1162
3375
6173
5567
3191
1722
6866
3350
6233
8915
9559
8984
4640
5790
7797
3470
7479
8726
2118
6466
6486
8838
2775
9532
7094
3932
5721
2827
8879
6592
9876
3885
173
5471
3441
8480
5237
8487
7134
7879
1390
5966
2599
3764
7832
8999
5001
1992
7451
3270
9766
9024
7913
1456
4852
313
8505
7908
1522
8270
4815
7796
8576
8476
4171
9142
7277
6789
945
243
6799
6660
2343
6883
2901
5559
2070
3392
5775
1748
1432
9186
6509
7802
4810
7664
5485
5250
9226
7546
132
5542
5768
7625
3973
6078
4004
4718
3613
6523
9194
1122
5482
9811
6113
2305
9477
4315
2606
7743
2398
8496
608
7819
94
6993
2279
7543
3566
7650
4192
3454
912
2203
3017
3546
4009
9501
2054
1299
6035
9009
9122
3974
3581
4125
2816
2211
4967
9327
5971
2691
4606
2545
2228
8077
1782
4341
4127
8845
1036
8405
8786
9688
526
3719
379
9161
4163
7320
6929
4967
3127
7997
2639
8895
2431
5513
5991
4754
8619
6978
8109
9896
5386
1817
5557
5891
4948
9509
6622
6766
4298
9673
401
3832
7175
2456
3587
4597
4500
8192
660
9496
8335
9277
9442
4254
6980
3926
5411
7597
1766
991
5017
3683
9264
7403
320
6183
6190
4943
4758
6228
8131
1056
2525
9592
7320
9177
2183
9418
9205
7653
8405
9567
2308
2800
4512
215
944
790
2414
1757
5806
5168
5875
5199
3093
1611
7653
7324
8928
9251
1013
6648
2108
8291
1303
1878
4912
7032
3895
8015
8627
7430
635
6482
7764
7294
8137
4768
4484
8941
7724
7940
2677
8633
8682
9059
9354
8538
3544
8100
9513
3062
6610
9214
9516
4417
4614
4399
3123
8058
1525
7514
3819
7245
7846
6376
6835
7386
8414
2246
4362
5049
1768
5375
7841
3581
8392
2497
1935
7112
4786
7171
5822
7406
5273
6664
8762
3471
3642
9745
8573
2167
2339
8172
3582
9126
7741
930
924
3219
6259
4359
6615
4558
7505
3160
5756
5517
7547
7018
4432
6657
7423
5040
8372
4570
9489
5558
7300
6660
6949
1976
8054
8646
9941
6277
4002
4207
4937
582
3059
2573
2922
3712
1713
9113
5744
4093
7859
6005
9414
2547
933
4947
7694
8512
3914
1480
9270
1056
8039
1047
7048
1714
7768
144
8665
9555
493
2041
3161
243
2743
5483
9992
9837
2236
6489
2968
1013
3044
7909
3617
4081
9313
8764
5485
7655
1544
5561
3408
4193
8265
735
9474
3725
5047
9176
458
5061
2338
2401
9945
7507
3312
1358
1905
7713
3029
3032
1656
5637
641
3135
4273
836
7023
6950
273
5269
1301
3110
3242
1648
1052
540
4352
7010
2585
7104
4270
9586
9731
9593
3821
3366
1785
8602
963
8795
3874
8581
3104
9899
5891
2882
627
7903
9382
5973
9576
8841
5274
166
8909
8032
9182
2181
482
7395
5167
5645
7927
2553
3312
9255
4027
5423
1220
6729
4832
4537
4655
3903
2751
9784
7929
380
189
389
367
7973
9895
5016
1201
5877
8109
651
1555
2960
1896
2612
8896
856
2524
1424
6219
7671
2694
3602
5568
986
6559
2419
3023
627
7995
1672
257
6137
4364
81
5909
1326
167
6553
8581
8370
7364
6789
2115
6939
6940
9897
2921
9632
9313
9594
8620
3572
9552
8365
7020
9475
7083
4474
4562
3673
8521
1172
3732
5682
6589
4584
9674
3698
7712
1793
7267
3119
5778
3481
1255
8628
9844
6066
3671
8696
9077
6791
4755
2447
9118
1420
5869
2761
236
8306
5458
6184
9121
4461
2033
9810
2969
8977
1362
7601
6674
6619
8578
3817
1295
9787
9744
9161
4792
114
1575
6099
4023
1982
2482
3348
402
8942
2861
6005
265
625
7662
6958
5015
2120
9648
7323
5410
9962
7498
8451
8977
8919
8899
5742
9463
1570
5130
4983
2497
8297
296
5211
2168
8770
5314
8194
9104
7274
4046
3570
1833
3267
6554
378
9679
5475
2346
282
7257
2517
4718
5124
7764
5550
5783
1627
4686
8771
669
9027
9274
1717
8459
1214
4215
3292
6960
3581
2299
1151
8133
6152
2528
1719
1115
8850
5157
5433
164
1742
1421
9043
5564
3013
3351
1800
6559
32
3994
5180
6733
4397
8607
6421
3877
99
2947
4626
8366
5088
5652
4408
6342
391
7882
6148
6589
7724
4894
3819
2879
6001
1024
1015
6774
9585
1670
3354
9429
6210
3293
719
4728
553
5228
5975
284
159
5106
7684
7260
4082
3102
3190
4762
994
8869
4922
9650
2735
9051
7218
7985
1343
2529
3136
73
2434
5218
749
7080
5475
6131
6213
3512
1988
1684
6561
6560
5980
5781
8618
187
7029
9065
1673
9201
5352
1924
639
6066
9932
2329
3306
1177
5285
1369
9982
5465
9845
6505
6349
2778
9074
4957
663
8308
9411
7414
4564
8459
4941
5289
2717
7056
7293
3128
267
2537
659
1448
8651
868
8105
4295
9696
9328
2314
93
5153
7020
3843
3997
3793
8981
2556
4876
1025
2120
3429
314
6656
2838
6204
8566
4810
8174
9451
7254
6340
4580
3536
4820
8087
1016
3723
2200
5267
5965
4139
8994
2930
1169
5756
571
9973
8435
6640
9917
4488
9654
730
821
2388
4390
2207
7045
2163
3793
6092
5466
7418
4415
2143
9905
5384
562
8364
6301
4013
9249
2430
9242
2419
7497
4265
4454
9485
7780
583
1784
3240
3726
2763
8471
9275
4866
2666
3044
9884
6151
7133
6059
6909
5264
803
5064
306
8320
8643
7686
1368
2455
4066
8524
4201
2027
5967
2676
1599
3655
8054
1123
1754
4186
6920
981
384
4808
1057
6652
8818
4007
1613
6285
2310
1834
7120
1665
4477
8027
8648
8595
3056
6949
8875
9177
9488
3017
8428
7014
9721
1302
5496
1277
6557
9329
217
5823
4426
7774
3622
5111
5951
9690
2014
9558
5925
175
1595
9093
2396
1013
4869
5243
6420
7664
9881
8819
1765
9250
5740
2441
3349
5665
3001
4550
8508
9812
5478
4284
8339
7071
854
4702
7311
8632
1054
5147
8069
28
9753
2257
4973
1368
3633
3141
4264
1085
6048
3491
951
819
6580
8075
2547
4998
7677
959
7570
5070
11
8053
2376
4979
1497
5132
3365
1415
1004
376
2789
9686
6752
1603
5548
3603
1031
4919
1190
5723
7523
3285
39
2431
4761
619
4901
6966
9516
9505
89
2234
6801
8282
7699
4482
9038
6413
6925
8313
5490
5322
6075
3337
4510
5622
8418
2821
5353
647
2437
5090
3380
481
4255
9184
2297
319
4980
7252
9765
1922
8573
7546
8175
7166
6457
3496
698
8254
3538
6324
3798
5
6570
930
1321
5859
9861
7380
2017
661
5217
3188
1866
186
2700
4865
4953
9403
6306
653
1794
8945
3955
271
1999
2010
4384
1598
8937
1937
4401
8723
7687
4098
8788
520
3975
4427
1666
4059
1004
879
2553
2477
3143
3461
2509
2743
302
3028
5809
4695
4468
9065
380
9120
353
1805
5879
9254
5431
4714
1747
7092
685
9112
8819
3123
2375
4010
7154
5728
6787
632
9621
4360
4533
2960
5494
8854
8288
2736
798
5726
8011
9789
2477
1159
712
6298
1599
9545
7583
6679
6756
5870
9911
3098
2552
70
6660
379
9703
1508
763
2976
2579
2156
8264
1067
7299
7796
4272
2391
8417
7523
2377
1401
5132
3234
9629
7563
8547
2402
7506
159
9950
9390
364
7848
6379
2863
6820
7398
3775
9442
6187
7522
9917
6587
1709
527
9050
1020
4600
6633
7611
2397
8124
3224
5766
5876
8916
4077
2651
1328
3521
1601
4092
1415
1746
8586
413
5524
4817
4536
8446
1655
5599
5756
6283
3746
137
7582
1502
7620
4651
1819
3587
4797
9775
2376
9111
9725
4325
7290
3866
2631
4155
5953
9596
7193
7757
6168
4201
9452
9207
6874
3422
2032
761
8861
8830
5585
1953
7604
1695
7623
9399
9482
4783
7412
1693
5030
4481
4443
6734
697
3752
7148
4625
3547
2413
7980
7904
1781
4931
774
2252
7619
7570
6369
5085
8036
6048
2887
6440
3235
2097
7782
6465
2261
2322
9771
6451
176
5553
131
5823
1413
5565
4477
5844
9490
4443
8097
1814
4139
8153
202
9550
3107
9944
5047
8565
7328
9104
747
4007
5017
2263
9867
1679
2365
1980
9355
5694
5880
2638
1245
6260
4241
6842
9708
5905
5541
6431
4461
6034
9177
985
5384
2139
324
3307
8201
5210
8941
5681
6552
8936
4526
2977
1453
7133
2509
8649
5191
3515
8041
7460
3010
6376
8246
4496
2641
4083
4506
3365
8630
3339
2253
7834
5756
1132
6902
162
3378
2974
1069
6314
455
4615
12
2910
9217
1737
9368
3297
3964
2322
1657
427
340
9358
5829
2394
9530
7324
7112
2382
1342
4540
2844
8598
9900
4826
3639
1269
5710
6192
8215
3229
8361
1297
4530
7763
4720
4279
9519
2435
8616
1208
4578
413
9250
6918
4298
1455
7296
9242
1397
3165
9561
2790
1741
9389
5391
8324
9506
6680
574
503
4008
1682
7395
6332
6574
1924
2708
8980
7891
77
9448
6816
3770
7026
773
5483
9941
2231
266
1609
4597
843
6008
390
748
5738
1158
5655
9152
9254
8766
291
6536
3793
3890
6915
3213
2614
1896
3547
8715
2204
7726
6714
4073
5385
7379
4876
4595
9996
9402
8359
7525
1392
1215
8097
4883
8315
2335
4391
2921
693
4155
8612
6157
4887
3864
5334
5728
6540
8263
9738
8965
3725
1787
5261
9463
3403
1885
9493
4722
2334
4016
2067
1460
9536
8057
6930
7065
1136
7610
2770
9362
59
3864
9623
5829
2333
5992
6708
7743
9044
837
6409
4309
7943
5639
1974
6806
1552
8880
1987
2981
9234
6018
2957
7532
9147
8791
2475
5323
2282
9083
9310
226
4807
923
3520
3929
6879
7092
9236
5862
5751
9998
5079
7559
8514
61
2405
2125
5144
8630
9455
2298
5662
6629
388
8603
6145
4608
1695
2484
7103
4619
4932
7996
4299
9443
3967
9576
6490
97
6937
2803

