5000
2764
1184
4231
3202
4828
174
413
2276
3519
4179
4360
2434
4860
2293
2926
3551
882
3726
2855
286
221
965
3962
2182
3516
2261
4384
3400
3302
3711
108
3444
2834
4675
799
1847
4444
1268
2723
1537
661
1428
2252
2552
271
1394
4945
4799
1890
2497
718
838
4469
3808
4991
2021
2304
575
3950
3866
1770
336
4319
4269
3014
3265
4069
983
2250
629
534
2830
4172
190
1317
2259
4187
4988
1154
210
1874
2262
4675
2716
67
2167
583
2296
3467
1537
2351
1031
1526
1223
3931
1101
2632
1383
1382
2734
270
2734
2512
3728
1972
2905
1829
4157
3293
986
2166
4439
1996
4841
2295
4667
1921
4947
1739
2996
1682
389
4782
947
512
2111
354
3637
2055
665
3090
3350
1828
564
3330
360
448
744
281
576
2407
814
2857
401
4367
512
1917
226
2473
262
804
4033
148
3766
3074
3966
1197
4366
2256
107
2825
270
3377
2347
4335
4832
4657
2972
4876
1743
532
538
2572
1437
3663
2648
2795
3960
4091
2494
106
292
3079
1428
1643
3446
2455
2329
4283
2628
2479
1282
4018
3450
2338
2912
3311
4453
2388
2716
1110
175
1185
2962
394
3655
3124
1972
4784
1459
4286
151
3801
2373
4672
4733
832
1359
4567
3995
3677
3734
1209
698
4875
367
4301
3537
2668
3273
125
4709
3522
2192
4232
1118
3637
1629
1677
1277
4779
4324
1836
4731
4032
1350
1611
705
2834
841
1722
2727
2705
1874
395
1154
3670
2160
2405
924
1236
3037
3910
2335
4174
2690
4938
3345
3056
3678
1703
2693
3664
3598
140
4137
4929
3175
194
3242
3020
4139
2422
4425
1580
5001
4421
2448
2836
1262
4425
4127
543
2617
3199
2796
3267
3452
2979
4999
496
4307
3815
933
4511
996
3116
2420
2673
4758
3601
4549
3086
1162
3117
4705
1114
2494
2017
366
329
2969
4844
4945
3841
3484
3105
3910
813
2520
4833
1664
3231
2497
4407
2917
4573
1098
2896
791
157
58
4744
2571
3350
4494
1218
2735
2686
4070
4440
1925
2262
3255
3182
4572
1384
1427
2872
2167
4581
4828
2411
3616
4549
1239
4448
3629
3532
4790
3780
4901
2884
2445
380
4672
1319
639
4363
1322
4458
4942
4881
1857
1765
2840
3568
1488
1963
4538
607
2033
4269
4080
2952
1522
599
3323
4521
3234
3000
3956
2434
3348
1119
3283
1465
2552
1499
2536
923
3236
3839
2232
4139
351
4114
2510
569
610
672
2421
4266
1492
1951
884
156
3403
3483
3371
1122
443
2263
2423
4344
2462
3299
1789
4760
3434
1450
3304
1774
3801
1204
2636
2544
2043
3103
4681
1263
3684
2951
1680
3877
3861
3753
2127
1574
2841
590
1124
4204
2127
275
3152
1509
2315
679
1130
682
2487
4099
1254
3302
4721
4858
1326
3118
1253
3662
1216
3561
926
4850
2632
29
828
2791
1607
2244
3438
192
981
966
4179
3913
1679
1399
3999
3243
770
2426
1501
1295
1142
1668
4172
2250
2121
1000
3477
735
2499
788
3930
4567
2286
3604
1767
3356
1912
4580
4523
3285
2780
903
3630
2465
809
2150
3139
1848
67
1302
3815
3630
1674
3323
3125
2442
3890
4113
3122
4397
2743
2507
4799
224
3564
1750
4279
1346
2553
4508
3109
1675
3839
2094
2013
3386
1557
4018
4670
1635
3128
3357
494
1481
4258
1768
2938
4825
3218
79
2502
1226
1562
1588
1552
3896
777
120
998
953
4339
3856
2103
2326
2238
3752
4980
4288
343
2073
3853
1680
4898
2222
2759
2337
3011
566
4182
4078
3318
4399
2070
1931
1792
2544
4764
1884
1348
1352
2648
2597
10
3991
4763
2943
1359
12
3160
1189
2433
157
3550
896
3517
3224
655
4346
1018
2609
1727
1396
4186
4857
1912
216
3552
1094
460
1251
3783
4801
2333
2110
1119
705
404
3820
669
4981
4279
3013
1627
1081
2740
188
3917
3737
2988
1131
2829
625
1078
1944
4020
2200
4485
2910
4563
5000
4267
2595
1897
2515
1100
1171
1155
356
1364
926
2759
4026
1520
2333
1211
3072
1292
854
2666
4796
3495
2850
3221
3947
950
3580
1873
2056
3604
1330
1717
1132
1801
4079
290
1474
4736
3991
4931
2252
1199
248
1627
1323
3144
2371
1140
2477
985
4243
4072
3944
3272
3499
2196
1518
2111
1817
1573
3097
4686
3914
3897
3801
321
1710
1065
2067
1814
244
4205
2290
4154
3381
2217
3647
3346
244
1486
2712
2778
2652
2530
4349
4453
4480
1243
1161
2455
1043
1876
1461
1234
82
1036
4329
1619
866
1806
2824
3010
4261
4570
2845
860
4369
1202
419
4372
1461
2128
4463
331
1484
1118
150
135
4404
838
87
3344
1981
2883
1425
2582
368
4444
1877
1165
4076
4800
1400
1638
449
3575
3907
301
2796
4024
4999
4887
668
3695
2135
4779
2650
1450
3072
555
153
4201
1663
2185
409
3697
2317
2878
2784
3368
520
3507
45
2510
1801
463
4994
110
467
3018
3126
3176
2226
4585
3652
4758
1552
741
4223
4772
277
518
4196
2299
3416
1264
2128
1337
1690
1327
446
2813
2571
3914
3940
4302
2873
4748
3781
37
1159
564
296
2742
2220
55
577
273
3911
3607
1337
4308
3474
3069
3133
104
1303
2833
4170
896
4740
3681
448
2611
3155
1268
3905
4413
3025
1555
1583
3063
3142
1219
1554
4181
420
1896
492
1275
973
3044
3349
3866
4272
4428
2519
4095
222
436
2271
1959
4970
4976
3978
2733
1038
2219
3854
1178
1217
301
2502
876
3241
1942
4553
3363
3878
3078
2073
815
1526
2777
2234
2681
786
157
2919
1013
774
1499
4585
1253
1118
3521
2696
4860
700
1570
2489
2508
4191
4557
1642
1524
336
1582
1686
3856
3806
3560
618
1158
4075
1602
2242
1513
502
2597
2215
2871
2275
1160
1645
1570
318
1140
1353
200
660
3928
3584
2604
4945
97
3053
43
3997
335
686
1460
4368
1151
1299
2224
794
660
800
1
4373
4536
4169
3198
2020
2349
2590
1918
2526
4660
1664
3559
3052
1598
2509
4937
2476
4209
3912
338
4371
451
1458
5000
2722
3631
3655
1278
2733
1958
669
255
2179
4141
3230
4556
796
2128
2617
3940
1178
3647
2431
3648
4447
3731
4012
1469
2753
1231
4955
3313
3323
3197
4174
3349
319
2103
2341
3875
1258
3139
3342
1711
4135
1132
596
2286
4643
4267
1708
4571
123
4401
912
4661
2935
1716
1246
3133
950
4373
2167
1250
1823
2056
3614
3730
444
619
4126
1051
759
3499
3698
2222
3746
4213
1522
4520
2866
3080
4589
4949
1781
190
446
4089
1442
827
1047
1546
4931
3749
4715
3441
3581
2194
4757
1239
2009
2041
1136
2766
2598
1263
911
416
1916
4741
3879
3429
2303
3509
1948
576
1566
2746
4325
1783
2315
3120
462
1990
4975
692
4127
3065
4936
1163
4618
4641
4598
149
358
2596
305
2105
599
4288
2299
1659
2965
2733
2831
2458
2905
2736
3556
4994
912
279
3135
1575
4529
2636
4766
3302
4734
319
996
861
343
3395
4761
3016
4380
3677
1036
3912
3226
1047
2911
2674
2564
1453
4135
1369
3718
1143
2410
51
21
1361
3803
496
300
11
3615
3247
352
1801
3022
738
3552
953
3558
2612
3391
892
3267
2812
3756
3224
3984
1677
2257
3917
3712
66
2759
2865
1538
1461
530
3877
4859
2151
2132
731
4951
3813
2216
1134
2069
2256
921
4288
353
674
3429
4324
746
440
2559
1010
2072
2427
978
1014
1144
1827
1724
2476
2518
4685
4260
2809
2059
4675
3197
4467
1042
4209
3162
849
3872
4598
1030
4680
2859
821
878
3935
2695
2464
2565
862
407
3472
1827
2703
3605
4726
3101
3472
769
4837
1093
4591
2203
1204
3277
3170
3989
117
3068
517
4983
1619
2455
4755
3428
1915
3213
517
256
3347
2661
348
510
4329
3128
1760
2623
4207
3884
932
2466
679
347
3672
203
286
2782
1550
2943
498
532
1125
157
66
3101
1771
1600
2676
997
2887
4198
2372
2350
4247
41
2909
739
3790
2093
1927
540
427
2711
4858
3396
340
2417
2514
3033
3792
2600
635
811
709
1000
4026
801
2154
2893
2546
1133
1319
3858
917
2654
1895
1909
4197
1611
3479
2545
832
228
3183
4951
391
2541
4785
1216
3424
2790
1534
2923
1442
4
1231
842
636
151
2282
3851
3808
1354
2244
2349
968
3263
788
4629
175
3599
2098
1649
1493
3258
2489
1645
3413
1136
2415
817
2645
1026
3093
128
14
487
1711
884
2045
608
522
3333
4942
976
4194
3009
4894
943
1429
3925
1000
1520
1261
983
4688
1809
1363
1191
2157
4957
427
4351
4291
963
3932
3916
1428
2594
2606
2584
3617
819
519
59
244
2891
4985
2095
1462
4190
3425
591
2431
4463
2927
4045
231
4903
1460
1083
2199
4825
624
2193
3605
344
3387
947
1794
2559
1440
1292
3394
4226
729
1409
695
1816
169
2743
3119
4126
2835
4596
4508
4348
655
509
2066
4607
3233
2342
2948
477
3481
1534
4860
2962
2642
4586
2560
1692
4687
1142
2799
894
204
3457
1063
3791
2726
159
4499
1660
773
435
1471
738
2112
1751
4589
3509
2344
172
378
691
3460
2212
498
1442
3954
866
1059
1823
890
1186
3597
611
634
2273
3280
1921
3996
3075
2202
889
3255
3746
2949
1898
2822
2600
233
3431
2329
894
1027
4654
583
3778
1532
1266
1118
737
2317
1977
59
2785
1103
2225
4626
1464
1047
3383
883
1447
812
3751
2293
4157
1376
2099
1177
4354
3311
394
3503
100
2229
4588
3247
3829
4187
1051
1203
3536
2097
1314
4284
3242
3639
4234
243
967
703
2662
4293
405
169
925
3249
4396
671
185
4690
4046
81
835
3125
2084
3607
4618
2288
2580
2794
4083
2516
1721
1208
3314
4623
694
3242
1628
1794
2096
3339
1054
3825
456
3886
3993
3432
648
1170
4381
2497
4952
97
4071
1810
501
4809
898
1303
3690
3942
1084
3829
1855
1052
1209
4230
250
2623
3982
1865
3833
3161
2414
3715
3929
4123
3834
1946
4163
793
3348
4115
3357
3782
1017
1186
297
4502
2983
3218
1335
1866
4255
4852
1837
428
4670
2737
1374
3375
4792
4606
373
2104
149
27
2680
2605
280
790
4107
2480
3497
4447
1566
1259
4150
2811
866
606
1444
3097
3537
100
2539
2959
4380
3584
2738
1881
1527
427
2070
267
4919
696
468
4101
2040
2895
3025
2207
1673
2861
2548
34
2169
2445
3726
3326
477
1788
1751
2221
1737
4368
3164
1160
1745
4516
3011
2385
1053
2761
183
989
4723
177
1879
2234
1015
3913
3771
2277
437
2187
4338
1565
3548
3373
245
874
1943
198
4389
3398
1619
1726
4409
2323
1723
2523
2082
2088
4318
359
2944
2833
2382
857
934
1635
3738
4707
4634
774
2964
505
4882
2625
1647
3778
3170
2760
4533
460
1225
2530
188
968
4640
4650
4867
4007
2216
325
2095
2421
2953
4070
3386
1730
4229
2609
2167
471
2797
2261
3662
86
4682
4704
2981
935
886
4355
2147
4910
3144
1437
4094
4261
2585
3399
2969
525
4291
3558
205
1814
2188
4716
4902
1346
1647
2003
35
4822
1416
3435
2891
4100
2285
3454
3898
4737
1922
4266
2737
83
3906
1916
4205
45
3864
3859
3797
3093
1977
2252
4402
787
3846
2319
826
4918
860
2895
3054
3312
1771
1731
2321
1543
4098
1189
1091
4027
2415
742
3968
4462
278
1064
1436
2181
3766
571
2072
2732
2178
4009
1512
2928
430
3996
3077
2686
3075
542
361
3204
1666
168
1536
3415
439
643
3367
4185
4826
4339
143
2453
3405
2844
3823
340
1278
2810
1703
2277
1709
2946
1822
1367
3100
4717
4136
4538
24
4569
2219
4494
89
3450
888
145
2855
4975
4652
958
2902
1823
371
4637
1424
900
4845
1657
4363
1294
4267
4424
235
325
2713
3240
2250
1840
841
866
2224
2407
3971
2175
3112
310
610
273
2675
4020
3256
547
2901
1344
2985
4250
3348
2631
3004
3617
1487
1171
3739
1031
4456
1436
3555
392
4361
902
4437
4690
3460
3995
1232
4764
1042
2114
1168
367
825
1800
2388
936
1046
3834
1210
4930
4178
4499
2646
3207
4404
1236
2475
3675
3536
3720
1836
1340
82
2652
1860
8
1544
2716
1349
4067
1830
2706
4866
1208
3885
273
1917
4474
2251
678
84
4698
1282
3602
1041
2312
2171
4408
3445
448
794
1153
557
4479
3581
1335
3293
1427
305
2589
1094
1205
717
4507
3705
215
1395
4346
1386
1711
81
2619
4628
1204
2013
493
1703
4355
1442
4448
3710
4014
1638
4880
1869
2535
3126
4235
946
14
2839
1716
618
3881
1145
865
3493
119
4422
3115
4272
1483
2971
4923
4258
3216
2583
3246
3968
2197
2985
3939
4158
904
2744
85
1954
3283
2931
2450
4115
418
1002
1968
3651
4902
1905
4655
4193
3894
364
2389
3499
2240
1687
3785
3465
3354
3183
2767
3820
2283
4464
3508
482
2075
2496
4133
2170
1495
1247
2941
460
4230
1165
4934
3946
1945
542
3121
1535
928
4012
3429
3205
4632
3049
3999
3723
2081
4358
4372
962
33
4468
2296
415
4709
2669
936
1436
2156
4703
1809
3564
4599
1204
4107
2990
3587
3010
3985
4876
4458
4858
2962
1749
339
4890
2860
1665
2949
4628
594
2148
1494
2789
4688
2208
260
1364
1598
4870
4917
3892
3835
1715
2094
3747
3332
3945
1566
4570
2784
1294
235
656
4432
979
2160
2276
329
3502
4079
4357
263
751
1227
1950
3279
4364
3766
2190
1282
3674
4804
217
3263
2961
1825
677
1496
1854
4308
1949
1480
959
1465
2231
505
1740
340
4971
447
685
904
880
3810
2595
1461
4984
3104
1615
4390
4702
2345
1277
4178
3983
842
1391
1800
3875
3470
87
1691
1743
3300
3730
4975
4540
1829
640
156
1152
3989
1833
161
4874
4841
3022
2485
4459
2108
2161
2228
1083
3722
720
939
3731
2107
4691
2541
2216
2299
3046
1072
66
3839
2014
3642
3976
2029
3060
750
2375
2382
895
125
2974
2954
227
4291
2763
2874
1146
1360
4082
1547
3291
2991
1834
1915
2930
2950
4818
2653
106
4558
3458
3405
4874
72
1935
3971
2418
208
4791
2862
1574
2104
1654
2808
4825
4472
3624
587
389
4153
1193
1042
3418
3940
1339
234
3610
2422
538
507
830
2515
1034
624
3382
1529
4624
2262
684
1902
1612
4889
2990
3171
2346
4437
678
2370
4897
2272
4369
1805
96
4640
4800
62
4054
4179
2954
4212
3724
4096
1403
3356
2891
2282
2230
1102
4113
2006
139
2061
1828
2801
1605
161
2807
4819
1976
4468
2584
2254
2453
1158
336
1367
2803
3505
4888
1294
3452
41
1202
1095
2345
4545
4759
4428
2583
144
656
3813
1389
3616
169
4735
4391
4907
4747
692
1555
1034
1119
3891
2381
2743
1262
2476
3092
1748
2447
4094
2660
972
532
2074
2453
4881
3907
4719
1186
1941
1243
43
2630
1272
3326
2780
3243
724
2700
2626
474
4023
4894
2540
4993
81
1207
3318
1517
3311
873
847
3235
4518
4504
178
4007
3007
1291
1022
722
1638
4412
2326
154
2851
2410
4391
655
161
4145
332
3843
1213
1032
4789
213
240
2927
1482
259
4710
2931
2611
4235
3001
1877
2081
4214
2191
4966
1261
1416
2424
1306
302
122
1868
1678
52
1638
3977
876
4240
2896
1612
3428
3923
4286
632
282
1167
207
3668
4355
1522
3663
3178
4388
169
2914
1337
4728
4516
3894
2948
2987
1636
1568
1368
3488
2185
1884
1385
1631
3306
3314
2092
3012
1654
3244
2066
1176
3816
4607
3571
4433
327
2258
2096
4990
987
1527
2263
3029
3371
3287
1004
3993
3271
663
4005
4521
308
2189
1546
956
4086
4807
294
4290
1088
2654
3051
1734
4996
3937
4176
2854
3174
3542
4211
2354
4933
3256
3217
2122
2513
4590
3455
2147
3928
1234
3378
3246
2456
4122
1302
4331
1051
1931
3769
3115
956
3593
346
1740
2522
2056
3571
2798
2643
108
4750
1613
2192
4532
3649
2467
3582
4267
2407
4618
2866
1517
1615
3634
2829
1942
4169
4542
3158
1168
369
718
1081
4875
765
1326
848
3588
1380
269
3036
1174
4325
1362
4942
2718
231
2385
1267
3106
2641
229
4886
2178
3204
127
714
769
572
4302
1659
4254
4906
3987
4106
1539
4223
3898
1687
2554
3226
4699
4915
1368
4799
1901
783
62
4132
3962
658
328
285
3020
1583
572
74
3851
641
1002
4341
125
4178
2744
2030
1990
3465
4579
3043
328
894
2269
1430
775
880
775
1399
4738
2438
3891
4527
198
840
3945
2745
2053
3856
1257
2935
82
3797
3988
440
2447
21
3849
390
3764
2607
1922
2506
4387
1596
1474
1981
1541
2616
1232
1082
3328
3691
3063
3382
3417
4746
2359
4877
2474
658
2752
3852
1963
680
3938
3972
1997
1749
2502
3021
2331
474
663
2653
4422
3575
1724
2733
2731
4171
3872
2148
78
1581
670
1462
4914
253
2227
1418
2822
4003
558
82
469
21
1103
399
2420
2992
4691
3990
4986
3218
546
1335
1303
3892
1029
2869
3365
1493
2915
101
4593
4847
2986
613
861
2533
2562
661
3591
219
1415
4164
625
3937
1186
2048
4150
2515
2027
1294
4818
2177
3695
3518
2599
3770
3736
3609
2587
3222
715
4771
3164
3613
4669
2271
4463
2649
93
4382
2034
2460
3815
237
3968
4345
1014
840
4528
4542
2573
1006
3495
3102
592
1831
3016
1724
1673
165
2758
2717
4053
3669
4528
337
205
2241
4357
2405
869
4016
3228
4448
4765
1638
2264
622
458
2285
4182
313
2920
2668
286
1626
2316
3373
1078
2944
1531
4953
3793
1352
1680
1609
1855
2004
1620
1714
4265
444
3115
3082
2382
491
2802
4726
2478
3519
600
714
4640
913
1510
936
2347
4990
4018
2757
2067
4917
3509
2044
3756
3044
3114
1570
1003
3562
2418
4537
3903
4600
1339
868
3396
1730
2253
3965
2983
318
3152
780
2209
1332
3212
3480
1240
15
4654
1419
2204
4312
1191
2883
699
43
3678
1808
8
2620
2787
734
1128
489
1693
2347
3668
3646
3752
3264
1032
1247
1124
186
3094
782
146
122
717
2330
2967
3168
4082
111
2694
3236
752
4971
801
4221
4835
388
1050
1281
346
1366
3572
4360
160
4816
993
3552
1469
2137
748
3678
4770
4270
3763
3242
751
1838
4722
983
3356
2987
3052
1405
2468
4097
1557
3964
1374
3872
1364
4119
2162
4219
2474
3041
1702
1914
3755
1616
1699
3338
4641
3288
3603
407
3162
4413
2805
4449
1177
73
1671
933
2849
2683
2405
1888
1462
316
3689
4310
2669
1428
4285
2116
4109
2496
2553
973
2156
184
2899
4876
1225
4817
3726
486
4674
2302
1371
44
3830
2171
853
1144
3116
62
1977
1784
4516
3789
3510
1872
3888
3149
3679
2813
4749
4725
2212
4883
2168
4254
2489
2866
401
580
2157
3790
2679
1816
1740
1707
384
1091
3340
3145
1460
1193
539
3242
4495
4495
986
1599
380
1753
4971
3588
2841
804
1476
2148
2384
3679
2844
2173
461
3391
175
4163
1689
4496
4036
1192
1991
4526
3865
3171
4457
1594
4728
12
2499
1761
1681
595
1640
3262
100
2353
1860
3309
4751
1894
2021
2003
1262
323
1262
1805
938
2828
4667
160
3489
651
1726
2102
2394
4800
1286
4103
4056
4686
747
4992
4817
1468
243
4516
4224
4995
4418
4992
3608
117
194
1540
1179
2665
3642
1605
3357
2456
2605
4805
1970
608
4324
4682
3310
826
3624
4593
2748
4471
2616
784
2772
2027
2054
1700
2868
3976
2613
3710
1599
2198
1421
4711
4635
3780
89
3544
2218
2477
349
4744
763
4179
2155
4910
845
1399
1770
3926
2837
3238
3937
1293
1833
1220
2671
111
331
3184
4648
3600
309
1645
2387
1619
987
142
1664
2331
4554
655
3675
2009
4597
2545
2461
4022
769
3397
2049
1160
3501
4797
537
3843
4188
1329
125
176
4343
4031
2676
2507
1674
112
4959
3895
1881
4036
1164
1873
2267
902
2611
996
1922
1683
836
4892
3319
1054
437
3012
1655
2439
2041
1795
1170
1411
3838
4729
1958
2798
1912
660
1532
3642
447
4766
2464
3707
2547
1763
1002
2342
1015
1352
1441
331
957
1336
2388
2851
2456
4561
3793
4723
1905
1658
2763
1990
4812
2522
1719
4237
989
600
4438
176
118
401
3848
4783
1594
19
265
4634
2402
2133
4884
4219
563
3662
957
4634
4307
1206
4076
2507
3717
1458
3340
1000
2088
3007
2052
1421
3564
3354
4721
3315
1957
2487
1829
2926
2834
2075
4798
4537
2013
2188
1038
1535
3692
474
2784
4000
261
1881
3675
2239
3739
346
3668
980
443
2348
924
1838
1172
863
3797
2310
3680
2063
1852
2753
2710
1017
2200
3728
146
1812
1026
4655
4156
1722
330
925
1296
3504
1363
492
4701
4467
4147
2511
4341
693
1747
4745
2337
4663
3724
3332
1997
4604
226
2990
4000
4076
1800
2867
1731
640
4836
3114
277
3004
3953
4647
4985
1687
353
4749
842
4072
4314
3913
3129
699
528
4760
2927
802
2015
1967
3127
1353
1591
2884
1481
364
4780
1918
2149
1790
4096
2830
869
1119
2336
1790
1630
2701
1391
437
4213
1881
3586
2184
2494
2295
4276
1717
2757
1029
2696
1973
4555
1907
2634
4868
3858
4868
540
1715
4315
2261
1106
1577
2465
867
4175
749
1655
1675
2095
4221
2208
2703
3260
196
2159
3711
650
1764
3449
211
3617
290
3052
3044
2052
3468
1919
3681
4335
1776
1997
4577
4116
709
2803
3104
1113
2320
4241
2060
2545
3529
1369
4295
4758
136
4834
3740
3870
4707
2537
14
7
3288
3931
3812
1771
465
2967
499
1127
4377
4397
4684
3849
3136
553
4037
1922
1575
2213
1333
2129
2349
2425
4475
4121
3195
1415
265
1862
2609
3827
3829
4294
4274
1564
1859
4411
1310
1481
4360
727
4864
1971
1094
1287
2542
1303
783
2942
995
3181
2959
2629
3258
1585
4493
2765
514
2439
28
4669
4648
3996
2947
2149
2248
1144
1017
2000
2779
1036
3625
4154
3221
3507
283
1696
3864
4789
3169
4762
4853
1922
4595
2562
710
3084
3637
4470
378
777
4650
4097
3202
455
3992
4812
1912
1696
134
944
1888
2477
1228
1258
1890
4450
3332
4903
14
3373
1780
155
4836
4025
2550
2774
573
2978
105
3628
1653
589
2896
4625
1207
453
2589
2637
4914
340
3160
3238
1053
3331
1158
4601
4839
1474
3827
1822
4854
1778
2265
3266
1934
772
2495
3277
915
4186
3116
4746
3483
2525
4207
554
754
1436
3297
4915
2362
2807
472
3934
4503
3481
1201
4569
2872
3315
2002
2242
2413
3072
887
39
4563
279
1418
1341
4040
2782
1269
3184
1230
169
3462
4414
2936
2647
783
920
3577
195
1469
4858
937
2080
1930
748
207
2836
135
3847
2369
892
1325
4914
2947
4886
831
839
4771
543
2167
2162
3669
2748
1999
1609
3946
2988
2251
2234
1095
1991
3396
4573
2439
728
1940
4550
2285
360
4196
2492
1770
2932
2725
3747
4751
4786
1232
2832
4992
3744
3275
998
1424
4075
4891
1333
2426
127
1116
1289
1927
323
1429
4598
4639
2882
4344
3076
4842
3243
1737
3742
3005
671
4004
3004
1954
2924
2811
2411
4431
3194
4035
4612
1671
2752
4459
3714
3069
851
1932
1193
57
483
9
1872
3120
4531
4507
4248
4222
1696
1042
640
3030
355
4397
194
3988
1127
2406
1789
2693
538
4232
4266
4069
3622
47
3217
1464
2675
1570
1777
203
2683
427
2469
1083
1110
4035
3174
3951
864
1523
2741
3842
230
265
553
2107
2495
1715
4646
2554
798
3606
4571
2961
463
4046
3305
195
1694
1643
1914
2821
67
4652
1566
3261
677
1018
4774
2548
4154
361
1388
4201
4024
3145
4978
27
37
1751
1709
4491
1168
2719
1722
810
4949
4153
2335
1192
1698
2182
3071
353
2982
415
4657
1071
3322
1519
2648
2596
2798
407
1240
2603
671
4046
4210
802
1559
3552
2604
2466
1054
67
3008
2899
1835
1905
715
4327
4519
1567
4123
4745
4479
2551
19
4033
1842
2310
4203
1059
1695
4323
3055
1509
304
4008
4273
4952
803
135
3942
970
3374
444
2547
3264
425
2441
4305
2263
1644
2698
2413
1186
2085
566
2431
2428
3660
4861
2022
847
1472
4978
2710
2811
1480
901
3155
4841
4834
4713
3657
3304
2097
4561
3291
1893
2256
523
4072
1553
2068
426
1058
3128
813
2486
3134
1210
3991
582
1487
3637
1818
2097
1487
4561
4661
2476
3743
316
2675
139
1602
1116
1039
4901
269
3168
59
2812
1992
4993
1403
229
2513
3530
2422
4927
1051
167
263
2316
4651
3937
1055
155
2596
3942
1943
668
3009
579
201
4629
1389
185
3909
2841
88
554
2954
1382
3207
208
2232
3138
3375
2367
932
4438
253
332
2788
2066
357
4405
1962
2522
3959
1493
3048
2148
2444
2320
1269
3709
3475
2463
596
2017
1677
2545
2902
3496
4424
4520
716
1912
448
388
4389
76
3674
1644
1673
4999
619
2417
3858
1853
2230
1583
2544
122
4743
4092
113
3429
4509
4355
4724
2931
3283
4853
2404
2619
3566
1026
4453
3469
3051
4115
2870
2248
3072
1859
4999
4672
3234
2884
914
1746
3082
4134
3332
2388
1735
1949
4976
4817
2919
1256
2432
3823
721
3852
3452
698
685
963
1580
2558
1575
2099
2757
2783
253
1710
3233
4532
657
2318
1743
4627
2732
2592
1375
629
3577
1321
3000
4592
753
3344
2434
2779
1871
1273
2732
1676
108
2296
1133
1691
2295
2430
2238
1275
4536
1323
4902
649
127
4151
214
896
715
3155
1685
977
4179
143
1364
2115
1774
2606
2297
1099
2422
141
3066
1266
3839
4574
4654
2315
3431
1485
3080
2660
1458
2872
3504
707
36
301
2534
4333
3921
244
544
804
2894
3238
4674
2606
794
1130
998
2912
2872
1972
1123
2967
1217
21
4041
2242
2452
3940
3634
1049
2755
4494
688
4244
2550
3993
566
3728
1863
3230
3999
1779
2451
2944
3593
1593
4271
641
2709
1036
1775
213
1362
339
4819
895
663
4323
4643
4017
3101
4819
2567
447
664
4138
2482
3818
1413
787
3216
4402
2580
4168
3141
996
4738
625
2144
3287
1844
4097
236
4936
1231
522
2606
3075
714
1376
2908
2995
2045
2931
4908
2526
876
4351
2416
4062
3236
4279
3588
3193
2289
2386
3249
1656
1809
4232
931
3673
4357
4889
2660
3777
2625
4008
1340
918
1814
2366
3834
2962
4156
2529
2380
2718
3920
3916
4079
1264
2334
421
4549
1658
1833
1801
738
1090
2988
3125
3064
2147
278
4992
3747
4133
4578
654
1224
3354
871
4825
4999
1822
4258
2764
1144
2119
711
2174
956
2037
1467
4535
3914
1190
1099
1782
1190
3002
4563
3662
2481
4341
2514
634
1742
1600
2216
1966
1812
1234
3188
3535
3529
4548
2578
4878
2127
1092
4906
269
2176
2136
4429
3934
2264
500
891
3
1983
509
824
3555
1467
1951
1889
4806
2931
4672
1962
4608
4161
935
2815
450
913
685
258
3536
3496
676
3571
3882
2617
1774
1878
2075
732
4838
3909
2996
2728
4278
203
3822
3749
4778
3439
626
2384
673
2977
174
4235
4198
4158
878
4059
3112
1112
4414
4369
253
4098
2220
4294
2190
3409
3951
27
1465
1979
2949
1956
1896
2655
2002
3828
4011
3956
953
960
2960
4869
1217
2555
4236
4836
903
2604
3039
4646
3028
4782
1455
2377
3261
3969
3466
876
2736
712
1380
4541
759
51
3511
3298
1609
2578
1763
782
4253
3548
4359
1636
3509
110
3078
4787
1063
2472
1265
313
4819
1905
3324
2214
235
2030
3594
2975
2683
4735
2293
3369
339
3433
3701
2302
2841
4085
1861
1854
1710
3565
1857
1872
4567
501
167
1623
1278
688
684
3035
1481
2511
3728
999
4374
2612
3796
1059
3266
3202
2845
3565
4162
4994
4613
1027
4540
3734
1878
1995
594
3703
2551
213
3422
3350
2214
2240
2026
1434
39
4956
3553
1684
2016
1626
3888
4967
87
1223
4578
413
3086
780
64
781
337
4408
2394
2552
1419
461
3872
2930
831
42
1642
3951
4290
669
1769
3359
3927
3461
4242
2794
2936
660
4217
1086
1097
2623
3977
4136
1197
4706
4306
2937
2541
4596
3404
2802
1662
4733
1074
4733
1830
2433
597
4177
2176
2189
633
3139
4052
438
4514
3705
1790
2759
4511
4576
2135
2052
3980
2133
1464
3796
858
3875
2343
842
1584
4819
1137
562
408
1612
1115
1354
4988
4627
968
3676
329
287
1733
2790
4424
4245
847
1341
373
773
507
4767
1408
4944
3500
1251
1967
1721
3450
639
4924
103
2770
3263
2122
838
624
119
2606
3035
4919
216
335
3213
1656
4194
697
4923
2009
504
2853
3124
2086
1564
2785
4910
2720
2256
4950
1996
1530
2107
3594
661
2161
257
3119
1438
865
4088
364
3922
3535
2960
321
1531
1883
3120
565
1889
713
3193
3676
802
4125
2101
976
1454
2065
2453
246
549
4849
2629
4407
4597
2128
4871
2823
2449
4356
4613
1562
4496
3935
3226
3825
4622
101
2090
1847
3160
1099
620
1739
2582
4326
4478
3095
2611
4977
2677
725

