5000
5001
5000
5000
4999
4999
4999
4999
4999
4996
4995
4994
4994
4994
4993
4993
4992
4992
4992
4992
4991
4990
4990
4988
4988
4986
4985
4985
4984
4983
4981
4980
4978
4978
4977
4976
4976
4975
4975
4975
4971
4971
4971
4970
4967
4966
4959
4957
4956
4955
4953
4952
4952
4951
4951
4950
4949
4949
4947
4945
4945
4945
4944
4942
4942
4942
4938
4937
4936
4936
4934
4933
4931
4931
4930
4929
4927
4924
4923
4923
4919
4919
4918
4917
4917
4915
4915
4914
4914
4914
4910
4910
4910
4908
4907
4906
4906
4903
4903
4902
4902
4902
4901
4901
4898
4897
4894
4894
4892
4891
4890
4889
4889
4888
4887
4886
4886
4884
4883
4882
4881
4881
4880
4878
4877
4876
4876
4876
4875
4875
4874
4874
4871
4870
4869
4868
4868
4867
4866
4864
4861
4860
4860
4860
4859
4858
4858
4858
4858
4857
4854
4853
4853
4852
4850
4849
4847
4845
4844
4842
4841
4841
4841
4839
4838
4837
4836
4836
4836
4835
4834
4834
4833
4832
4828
4828
4826
4825
4825
4825
4825
4822
4819
4819
4819
4819
4819
4818
4818
4817
4817
4817
4816
4812
4812
4809
4807
4806
4805
4804
4801
4800
4800
4800
4799
4799
4799
4798
4797
4796
4792
4791
4790
4789
4789
4787
4786
4785
4784
4783
4782
4782
4780
4779
4779
4778
4774
4772
4771
4771
4770
4767
4766
4766
4765
4764
4764
4763
4762
4761
4760
4760
4759
4758
4758
4758
4757
4755
4751
4751
4750
4749
4749
4748
4747
4746
4746
4745
4745
4744
4744
4743
4741
4740
4738
4738
4737
4736
4735
4735
4734
4733
4733
4733
4731
4729
4728
4728
4726
4726
4725
4724
4723
4723
4722
4721
4721
4719
4717
4716
4715
4713
4711
4710
4709
4709
4707
4707
4706
4705
4704
4703
4702
4701
4699
4698
4691
4691
4690
4690
4688
4688
4687
4686
4686
4685
4684
4682
4682
4681
4680
4675
4675
4675
4674
4674
4672
4672
4672
4672
4670
4670
4669
4669
4667
4667
4663
4661
4661
4660
4657
4657
4655
4655
4654
4654
4654
4652
4652
4651
4650
4650
4648
4648
4647
4646
4646
4643
4643
4641
4641
4640
4640
4640
4639
4637
4635
4634
4634
4634
4632
4629
4629
4628
4628
4627
4627
4626
4625
4624
4623
4622
4618
4618
4618
4613
4613
4612
4608
4607
4607
4606
4604
4601
4600
4599
4598
4598
4598
4597
4597
4596
4596
4595
4593
4593
4592
4591
4590
4589
4589
4588
4586
4585
4585
4581
4580
4579
4578
4578
4577
4576
4574
4573
4573
4572
4571
4571
4570
4570
4569
4569
4567
4567
4567
4563
4563
4563
4561
4561
4561
4558
4557
4556
4555
4554
4553
4550
4549
4549
4549
4548
4545
4542
4542
4541
4540
4540
4538
4538
4537
4537
4536
4536
4535
4533
4532
4532
4531
4529
4528
4528
4527
4526
4523
4521
4521
4520
4520
4519
4518
4516
4516
4516
4516
4514
4511
4511
4509
4508
4508
4507
4507
4504
4503
4502
4499
4499
4496
4496
4495
4495
4494
4494
4494
4493
4491
4485
4480
4479
4479
4478
4475
4474
4472
4471
4470
4469
4468
4468
4467
4467
4464
4463
4463
4463
4462
4459
4459
4458
4458
4457
4456
4453
4453
4453
4450
4449
4448
4448
4448
4447
4447
4444
4444
4440
4439
4438
4438
4437
4437
4433
4432
4431
4429
4428
4428
4425
4425
4424
4424
4424
4422
4422
4421
4418
4414
4414
4413
4413
4412
4411
4409
4408
4408
4407
4407
4405
4404
4404
4402
4402
4401
4399
4397
4397
4397
4396
4391
4391
4390
4389
4389
4388
4387
4384
4382
4381
4380
4380
4377
4374
4373
4373
4372
4372
4371
4369
4369
4369
4368
4368
4367
4366
4364
4363
4363
4361
4360
4360
4360
4359
4358
4357
4357
4357
4356
4355
4355
4355
4355
4354
4351
4351
4349
4348
4346
4346
4345
4344
4344
4343
4341
4341
4341
4339
4339
4338
4335
4335
4333
4331
4329
4329
4327
4326
4325
4325
4324
4324
4324
4323
4323
4319
4318
4315
4314
4312
4310
4308
4308
4307
4307
4306
4305
4302
4302
4301
4295
4294
4294
4293
4291
4291
4291
4290
4290
4288
4288
4288
4286
4286
4285
4284
4283
4279
4279
4279
4278
4276
4274
4273
4272
4272
4271
4270
4269
4269
4267
4267
4267
4267
4266
4266
4266
4265
4261
4261
4260
4258
4258
4258
4255
4254
4254
4253
4250
4248
4247
4245
4244
4243
4242
4241
4240
4237
4236
4235
4235
4235
4234
4232
4232
4232
4231
4230
4230
4229
4226
4224
4223
4223
4222
4221
4221
4219
4219
4217
4214
4213
4213
4212
4211
4210
4209
4209
4207
4207
4205
4205
4204
4203
4201
4201
4198
4198
4197
4196
4196
4194
4194
4193
4191
4190
4188
4187
4187
4186
4186
4185
4182
4182
4181
4179
4179
4179
4179
4179
4178
4178
4178
4177
4176
4175
4174
4174
4172
4172
4171
4170
4169
4169
4168
4164
4163
4163
4162
4161
4158
4158
4157
4157
4156
4156
4154
4154
4154
4153
4153
4151
4150
4150
4147
4145
4141
4139
4139
4138
4137
4136
4136
4135
4135
4134
4133
4133
4132
4127
4127
4126
4126
4125
4123
4123
4122
4121
4119
4116
4115
4115
4115
4114
4113
4113
4109
4107
4107
4106
4103
4101
4100
4099
4098
4098
4097
4097
4097
4096
4096
4095
4094
4094
4092
4091
4089
4088
4086
4085
4083
4082
4082
4080
4079
4079
4079
4078
4076
4076
4076
4075
4075
4072
4072
4072
4071
4070
4070
4069
4069
4067
4062
4059
4056
4054
4053
4052
4046
4046
4046
4045
4041
4040
4037
4036
4036
4035
4035
4033
4033
4032
4031
4027
4026
4026
4025
4024
4024
4023
4022
4020
4020
4018
4018
4018
4017
4016
4014
4012
4012
4011
4009
4008
4008
4007
4007
4005
4004
4003
4000
4000
3999
3999
3999
3997
3996
3996
3996
3995
3995
3993
3993
3993
3992
3991
3991
3991
3990
3989
3989
3988
3988
3987
3985
3984
3983
3982
3980
3978
3977
3977
3976
3976
3972
3971
3971
3969
3968
3968
3968
3966
3965
3964
3962
3962
3960
3959
3956
3956
3954
3953
3951
3951
3951
3950
3947
3946
3946
3945
3945
3944
3942
3942
3942
3940
3940
3940
3940
3939
3938
3937
3937
3937
3937
3935
3935
3934
3934
3932
3931
3931
3930
3929
3928
3928
3927
3926
3925
3923
3922
3921
3920
3917
3917
3916
3916
3914
3914
3914
3913
3913
3913
3912
3912
3911
3910
3910
3909
3909
3907
3907
3906
3905
3903
3898
3898
3897
3896
3895
3894
3894
3892
3892
3891
3891
3890
3888
3888
3886
3885
3884
3882
3881
3879
3878
3877
3877
3875
3875
3875
3872
3872
3872
3872
3870
3866
3866
3865
3864
3864
3861
3859
3858
3858
3858
3856
3856
3856
3854
3853
3852
3852
3851
3851
3849
3849
3848
3847
3846
3843
3843
3842
3841
3839
3839
3839
3839
3838
3835
3834
3834
3834
3833
3830
3829
3829
3829
3828
3827
3827
3825
3825
3823
3823
3822
3820
3820
3818
3816
3815
3815
3815
3813
3813
3812
3810
3808
3808
3806
3803
3801
3801
3801
3797
3797
3797
3796
3796
3793
3793
3792
3791
3790
3790
3789
3785
3783
3782
3781
3780
3780
3778
3778
3777
3771
3770
3769
3766
3766
3766
3764
3763
3756
3756
3755
3753
3752
3752
3751
3749
3749
3747
3747
3747
3746
3746
3744
3743
3742
3740
3739
3739
3738
3737
3736
3734
3734
3731
3731
3730
3730
3728
3728
3728
3728
3726
3726
3726
3724
3724
3723
3722
3720
3718
3717
3715
3714
3712
3711
3711
3710
3710
3709
3707
3705
3705
3703
3701
3698
3697
3695
3695
3692
3691
3690
3689
3684
3681
3681
3680
3679
3679
3678
3678
3678
3677
3677
3676
3676
3675
3675
3675
3674
3674
3673
3672
3670
3669
3669
3668
3668
3668
3664
3663
3663
3662
3662
3662
3662
3660
3657
3655
3655
3652
3651
3649
3648
3647
3647
3646
3642
3642
3642
3639
3637
3637
3637
3637
3634
3634
3631
3630
3630
3629
3628
3625
3624
3624
3622
3617
3617
3617
3616
3616
3615
3614
3613
3610
3609
3608
3607
3607
3606
3605
3605
3604
3604
3603
3602
3601
3600
3599
3598
3597
3594
3594
3593
3593
3591
3588
3588
3588
3587
3586
3584
3584
3582
3581
3581
3580
3577
3577
3575
3575
3572
3571
3571
3571
3568
3566
3565
3565
3564
3564
3564
3562
3561
3560
3559
3558
3558
3556
3555
3555
3553
3552
3552
3552
3552
3551
3550
3548
3548
3544
3542
3537
3537
3536
3536
3536
3535
3535
3532
3530
3529
3529
3522
3521
3519
3519
3518
3517
3516
3511
3510
3509
3509
3509
3509
3508
3507
3507
3505
3504
3504
3503
3502
3501
3500
3499
3499
3499
3497
3496
3496
3495
3495
3493
3489
3488
3484
3483
3483
3481
3481
3480
3479
3477
3475
3474
3472
3472
3470
3469
3468
3467
3466
3465
3465
3462
3461
3460
3460
3458
3457
3455
3454
3452
3452
3452
3450
3450
3450
3449
3446
3445
3444
3441
3439
3438
3435
3434
3433
3432
3431
3431
3429
3429
3429
3429
3428
3428
3425
3424
3422
3418
3417
3416
3415
3413
3409
3405
3405
3404
3403
3400
3399
3398
3397
3396
3396
3396
3395
3394
3391
3391
3387
3386
3386
3383
3382
3382
3381
3378
3377
3375
3375
3374
3373
3373
3373
3371
3371
3369
3368
3367
3365
3363
3359
3357
3357
3357
3356
3356
3356
3354
3354
3354
3350
3350
3350
3349
3349
3348
3348
3348
3347
3346
3345
3344
3344
3342
3340
3340
3339
3338
3333
3332
3332
3332
3332
3331
3330
3328
3326
3326
3324
3323
3323
3323
3322
3319
3318
3318
3315
3315
3314
3314
3313
3312
3311
3311
3311
3310
3309
3306
3305
3304
3304
3302
3302
3302
3300
3299
3298
3297
3293
3293
3291
3291
3288
3288
3287
3287
3285
3283
3283
3283
3280
3279
3277
3277
3275
3273
3272
3271
3267
3267
3266
3266
3265
3264
3264
3263
3263
3263
3262
3261
3261
3260
3258
3258
3256
3256
3255
3255
3249
3249
3247
3247
3246
3246
3244
3243
3243
3243
3242
3242
3242
3242
3242
3241
3240
3238
3238
3238
3236
3236
3236
3235
3234
3234
3233
3233
3231
3230
3230
3228
3226
3226
3226
3224
3224
3222
3221
3221
3218
3218
3218
3217
3217
3216
3216
3213
3213
3212
3207
3207
3205
3204
3204
3202
3202
3202
3199
3198
3197
3197
3195
3194
3193
3193
3188
3184
3184
3183
3183
3182
3181
3178
3176
3175
3174
3174
3171
3171
3170
3170
3169
3168
3168
3164
3164
3162
3162
3161
3160
3160
3160
3158
3155
3155
3155
3152
3152
3149
3145
3145
3144
3144
3142
3141
3139
3139
3139
3138
3136
3135
3134
3133
3133
3129
3128
3128
3128
3127
3126
3126
3125
3125
3125
3124
3124
3122
3121
3120
3120
3120
3119
3119
3118
3117
3116
3116
3116
3115
3115
3115
3114
3114
3112
3112
3109
3106
3105
3104
3104
3103
3102
3101
3101
3101
3100
3097
3097
3095
3094
3093
3093
3092
3090
3086
3086
3084
3082
3082
3080
3080
3079
3078
3078
3077
3076
3075
3075
3075
3074
3072
3072
3072
3072
3071
3069
3069
3068
3066
3065
3064
3063
3063
3060
3056
3055
3054
3053
3052
3052
3052
3051
3051
3049
3048
3046
3044
3044
3044
3043
3041
3039
3037
3036
3035
3035
3033
3030
3029
3028
3025
3025
3022
3022
3021
3020
3020
3018
3016
3016
3014
3013
3012
3012
3011
3011
3010
3010
3009
3009
3008
3007
3007
3005
3004
3004
3004
3002
3001
3000
3000
2996
2996
2995
2992
2991
2990
2990
2990
2988
2988
2988
2987
2987
2986
2985
2985
2983
2983
2982
2981
2979
2978
2977
2975
2974
2972
2971
2969
2969
2967
2967
2967
2965
2964
2962
2962
2962
2962
2961
2961
2960
2960
2959
2959
2954
2954
2954
2953
2952
2951
2950
2949
2949
2949
2948
2948
2947
2947
2946
2944
2944
2944
2943
2943
2942
2941
2938
2937
2936
2936
2935
2935
2932
2931
2931
2931
2931
2931
2930
2930
2928
2927
2927
2927
2926
2926
2924
2923
2920
2919
2919
2917
2915
2914
2912
2912
2911
2910
2909
2908
2905
2905
2902
2902
2901
2899
2899
2896
2896
2896
2895
2895
2894
2893
2891
2891
2891
2887
2884
2884
2884
2883
2883
2882
2878
2874
2873
2872
2872
2872
2872
2871
2870
2869
2868
2867
2866
2866
2866
2865
2862
2861
2860
2859
2857
2855
2855
2854
2853
2851
2851
2850
2849
2845
2845
2844
2844
2841
2841
2841
2841
2840
2839
2837
2836
2836
2835
2834
2834
2834
2833
2833
2832
2831
2830
2830
2829
2829
2828
2825
2824
2823
2822
2822
2821
2815
2813
2813
2812
2812
2811
2811
2811
2810
2809
2808
2807
2807
2805
2803
2803
2802
2802
2801
2799
2798
2798
2798
2797
2796
2796
2795
2794
2794
2791
2790
2790
2789
2788
2787
2785
2785
2784
2784
2784
2783
2782
2782
2780
2780
2779
2779
2778
2777
2774
2772
2770
2767
2766
2765
2764
2764
2763
2763
2761
2760
2759
2759
2759
2759
2758
2757
2757
2757
2755
2753
2753
2752
2752
2748
2748
2746
2745
2744
2744
2743
2743
2743
2742
2741
2740
2738
2737
2737
2736
2736
2735
2734
2734
2733
2733
2733
2733
2732
2732
2732
2731
2728
2727
2726
2725
2723
2722
2720
2719
2718
2718
2717
2716
2716
2716
2713
2712
2711
2710
2710
2709
2706
2705
2703
2703
2701
2700
2698
2696
2696
2695
2694
2693
2693
2690
2686
2686
2683
2683
2683
2681
2680
2679
2677
2676
2676
2675
2675
2675
2674
2673
2671
2669
2669
2668
2668
2666
2665
2662
2661
2660
2660
2660
2655
2654
2654
2653
2653
2652
2652
2650
2649
2648
2648
2648
2647
2646
2645
2643
2642
2641
2637
2636
2636
2634
2632
2632
2631
2630
2629
2629
2628
2626
2625
2625
2623
2623
2623
2620
2619
2619
2617
2617
2617
2616
2616
2613
2612
2612
2611
2611
2611
2611
2609
2609
2609
2607
2606
2606
2606
2606
2606
2605
2605
2604
2604
2604
2603
2600
2600
2599
2598
2597
2597
2596
2596
2596
2595
2595
2594
2592
2590
2589
2589
2587
2585
2584
2584
2583
2583
2582
2582
2580
2580
2578
2578
2573
2572
2571
2571
2567
2565
2564
2562
2562
2560
2559
2559
2558
2555
2554
2554
2553
2553
2552
2552
2552
2551
2551
2550
2550
2548
2548
2547
2547
2546
2545
2545
2545
2545
2544
2544
2544
2542
2541
2541
2541
2540
2539
2537
2536
2535
2534
2533
2530
2530
2529
2526
2526
2525
2523
2522
2522
2522
2520
2519
2518
2516
2515
2515
2515
2514
2514
2513
2513
2512
2511
2511
2510
2510
2509
2508
2507
2507
2507
2506
2502
2502
2502
2499
2499
2497
2497
2497
2496
2496
2495
2495
2494
2494
2494
2492
2489
2489
2489
2487
2487
2486
2485
2482
2481
2480
2479
2478
2477
2477
2477
2476
2476
2476
2476
2475
2474
2474
2473
2472
2469
2468
2467
2466
2466
2465
2465
2464
2464
2463
2462
2461
2460
2458
2456
2456
2456
2455
2455
2455
2453
2453
2453
2453
2452
2451
2450
2449
2448
2447
2447
2445
2445
2444
2442
2441
2439
2439
2439
2438
2434
2434
2434
2433
2433
2432
2431
2431
2431
2430
2428
2427
2426
2426
2425
2424
2423
2422
2422
2422
2422
2421
2421
2420
2420
2418
2418
2417
2417
2416
2415
2415
2414
2413
2413
2411
2411
2410
2410
2407
2407
2407
2406
2405
2405
2405
2404
2402
2394
2394
2389
2388
2388
2388
2388
2387
2386
2385
2385
2384
2384
2382
2382
2382
2381
2380
2377
2375
2373
2372
2371
2370
2369
2367
2366
2362
2359
2354
2353
2351
2350
2349
2349
2349
2348
2347
2347
2347
2346
2345
2345
2344
2343
2342
2342
2341
2338
2337
2337
2336
2335
2335
2334
2333
2333
2331
2331
2330
2329
2329
2326
2326
2323
2321
2320
2320
2319
2318
2317
2317
2316
2316
2315
2315
2315
2312
2310
2310
2304
2303
2302
2302
2299
2299
2299
2297
2296
2296
2296
2295
2295
2295
2293
2293
2293
2290
2289
2288
2286
2286
2285
2285
2285
2283
2282
2282
2277
2277
2276
2276
2275
2273
2272
2271
2271
2269
2267
2265
2264
2264
2263
2263
2263
2262
2262
2262
2261
2261
2261
2259
2258
2257
2256
2256
2256
2256
2254
2253
2252
2252
2252
2251
2251
2250
2250
2250
2248
2248
2244
2244
2242
2242
2242
2241
2240
2240
2239
2238
2238
2234
2234
2234
2232
2232
2231
2230
2230
2229
2228
2227
2226
2225
2224
2224
2222
2222
2221
2220
2220
2219
2219
2218
2217
2216
2216
2216
2216
2215
2214
2214
2213
2212
2212
2209
2208
2208
2207
2204
2203
2202
2200
2200
2199
2198
2197
2196
2194
2193
2192
2192
2191
2190
2190
2189
2189
2188
2188
2187
2185
2185
2184
2182
2182
2181
2179
2178
2178
2177
2176
2176
2175
2174
2173
2171
2171
2170
2169
2168
2167
2167
2167
2167
2167
2166
2162
2162
2161
2161
2160
2160
2159
2157
2157
2156
2156
2155
2154
2151
2150
2149
2149
2148
2148
2148
2148
2147
2147
2147
2144
2137
2136
2135
2135
2133
2133
2132
2129
2128
2128
2128
2128
2127
2127
2127
2122
2122
2121
2119
2116
2115
2114
2112
2111
2111
2110
2108
2107
2107
2107
2105
2104
2104
2103
2103
2102
2101
2099
2099
2098
2097
2097
2097
2096
2096
2095
2095
2095
2094
2094
2093
2092
2090
2088
2088
2086
2085
2084
2082
2081
2081
2080
2075
2075
2075
2074
2073
2073
2072
2072
2070
2070
2069
2068
2067
2067
2066
2066
2066
2065
2063
2061
2060
2059
2056
2056
2056
2055
2054
2053
2052
2052
2052
2049
2048
2045
2045
2044
2043
2041
2041
2040
2037
2034
2033
2030
2030
2029
2027
2027
2026
2022
2021
2021
2020
2017
2017
2016
2015
2014
2013
2013
2013
2009
2009
2009
2006
2004
2003
2003
2002
2002
2000
1999
1997
1997
1997
1996
1996
1995
1992
1991
1991
1990
1990
1990
1983
1981
1981
1979
1977
1977
1977
1976
1973
1972
1972
1972
1971
1970
1968
1967
1967
1966
1963
1963
1962
1962
1959
1958
1958
1957
1956
1954
1954
1951
1951
1950
1949
1949
1948
1946
1945
1944
1943
1943
1942
1942
1941
1940
1935
1934
1932
1931
1931
1930
1927
1927
1925
1922
1922
1922
1922
1922
1921
1921
1919
1918
1918
1917
1917
1916
1916
1915
1915
1914
1914
1912
1912
1912
1912
1912
1909
1907
1905
1905
1905
1905
1902
1901
1898
1897
1896
1896
1895
1894
1893
1890
1890
1889
1889
1888
1888
1884
1884
1883
1881
1881
1881
1881
1879
1878
1878
1877
1877
1876
1874
1874
1873
1873
1872
1872
1872
1871
1869
1868
1866
1865
1863
1862
1861
1860
1860
1859
1859
1857
1857
1855
1855
1854
1854
1853
1852
1848
1847
1847
1844
1842
1840
1838
1838
1837
1836
1836
1835
1834
1833
1833
1833
1831
1830
1830
1829
1829
1829
1828
1828
1827
1827
1825
1823
1823
1823
1822
1822
1822
1818
1817
1816
1816
1814
1814
1814
1812
1812
1810
1809
1809
1809
1808
1806
1805
1805
1801
1801
1801
1801
1800
1800
1800
1795
1794
1794
1792
1790
1790
1790
1789
1789
1788
1784
1783
1782
1781
1780
1779
1778
1777
1776
1775
1774
1774
1774
1771
1771
1771
1770
1770
1770
1769
1768
1767
1765
1764
1763
1763
1761
1760
1753
1751
1751
1751
1750
1749
1749
1748
1747
1746
1745
1743
1743
1743
1742
1740
1740
1740
1739
1739
1737
1737
1735
1734
1733
1731
1731
1730
1730
1727
1726
1726
1724
1724
1724
1723
1722
1722
1722
1721
1721
1719
1717
1717
1716
1716
1715
1715
1715
1714
1711
1711
1711
1710
1710
1710
1709
1709
1708
1707
1703
1703
1703
1702
1700
1699
1698
1696
1696
1696
1695
1694
1693
1692
1691
1691
1690
1689
1687
1687
1687
1686
1685
1684
1683
1682
1681
1680
1680
1680
1679
1678
1677
1677
1677
1676
1675
1675
1674
1674
1673
1673
1673
1671
1671
1668
1666
1665
1664
1664
1664
1663
1662
1660
1659
1659
1658
1658
1657
1656
1656
1655
1655
1654
1654
1653
1649
1647
1647
1645
1645
1645
1644
1644
1643
1643
1642
1642
1640
1638
1638
1638
1638
1638
1636
1636
1635
1635
1631
1630
1629
1628
1627
1627
1626
1626
1623
1620
1619
1619
1619
1619
1616
1615
1615
1613
1612
1612
1612
1611
1611
1609
1609
1609
1607
1605
1605
1602
1602
1600
1600
1599
1599
1598
1598
1596
1594
1594
1593
1591
1588
1585
1584
1583
1583
1583
1582
1581
1580
1580
1577
1575
1575
1575
1574
1574
1573
1570
1570
1570
1570
1568
1567
1566
1566
1566
1566
1565
1564
1564
1562
1562
1559
1557
1557
1555
1555
1554
1553
1552
1552
1550
1547
1546
1546
1544
1543
1541
1540
1539
1538
1537
1537
1536
1535
1535
1534
1534
1532
1532
1531
1531
1530
1529
1527
1527
1526
1526
1524
1523
1522
1522
1522
1520
1520
1519
1518
1517
1517
1513
1512
1510
1509
1509
1501
1499
1499
1496
1495
1494
1493
1493
1493
1492
1488
1487
1487
1487
1486
1485
1484
1483
1482
1481
1481
1481
1481
1480
1480
1476
1474
1474
1474
1472
1471
1469
1469
1469
1468
1467
1467
1465
1465
1465
1464
1464
1464
1462
1462
1462
1461
1461
1461
1461
1460
1460
1460
1459
1458
1458
1458
1455
1454
1453
1450
1450
1447
1444
1442
1442
1442
1442
1441
1440
1438
1437
1437
1436
1436
1436
1436
1434
1430
1429
1429
1428
1428
1428
1428
1427
1427
1425
1424
1424
1421
1421
1419
1419
1418
1418
1416
1416
1415
1415
1413
1411
1409
1408
1405
1403
1403
1400
1399
1399
1399
1396
1395
1394
1391
1391
1389
1389
1388
1386
1385
1384
1383
1382
1382
1380
1380
1376
1376
1375
1374
1374
1371
1369
1369
1368
1368
1367
1367
1366
1364
1364
1364
1364
1363
1363
1362
1362
1361
1360
1359
1359
1354
1354
1353
1353
1352
1352
1352
1350
1349
1348
1346
1346
1344
1341
1341
1340
1340
1339
1339
1337
1337
1337
1336
1335
1335
1335
1333
1333
1332
1330
1329
1327
1326
1326
1325
1323
1323
1322
1321
1319
1319
1317
1314
1310
1306
1303
1303
1303
1303
1302
1302
1299
1296
1295
1294
1294
1294
1294
1293
1292
1292
1291
1289
1287
1286
1282
1282
1282
1281
1278
1278
1278
1277
1277
1275
1275
1273
1272
1269
1269
1268
1268
1267
1266
1266
1265
1264
1264
1263
1263
1262
1262
1262
1262
1261
1261
1259
1258
1258
1257
1256
1254
1253
1253
1251
1251
1250
1247
1247
1246
1243
1243
1240
1240
1239
1239
1236
1236
1234
1234
1234
1232
1232
1232
1231
1231
1231
1230
1228
1227
1226
1225
1225
1224
1223
1223
1220
1219
1218
1217
1217
1217
1216
1216
1213
1211
1210
1210
1209
1209
1208
1208
1207
1207
1206
1205
1204
1204
1204
1204
1203
1202
1202
1201
1199
1197
1197
1193
1193
1193
1192
1192
1191
1191
1190
1190
1189
1189
1186
1186
1186
1186
1186
1185
1184
1179
1178
1178
1177
1177
1176
1174
1172
1171
1171
1170
1170
1168
1168
1168
1167
1165
1165
1164
1163
1162
1161
1160
1160
1160
1159
1158
1158
1158
1155
1154
1154
1153
1152
1151
1146
1145
1144
1144
1144
1144
1143
1142
1142
1140
1140
1137
1136
1136
1134
1133
1133
1132
1132
1131
1130
1130
1128
1127
1127
1125
1124
1124
1123
1122
1119
1119
1119
1119
1118
1118
1118
1118
1116
1116
1115
1114
1113
1112
1110
1110
1106
1103
1103
1102
1101
1100
1099
1099
1099
1098
1097
1095
1095
1094
1094
1094
1093
1092
1091
1091
1090
1088
1086
1084
1083
1083
1083
1082
1081
1081
1078
1078
1074
1072
1071
1065
1064
1063
1063
1059
1059
1059
1058
1055
1054
1054
1054
1053
1053
1052
1051
1051
1051
1051
1050
1049
1047
1047
1047
1046
1043
1042
1042
1042
1042
1041
1039
1038
1038
1036
1036
1036
1036
1034
1034
1032
1032
1031
1031
1030
1029
1029
1027
1027
1026
1026
1026
1022
1018
1018
1017
1017
1017
1015
1015
1014
1014
1013
1010
1006
1004
1003
1002
1002
1002
1000
1000
1000
1000
999
998
998
998
997
996
996
996
996
995
993
989
989
987
987
986
986
985
983
983
983
981
980
979
978
977
976
976
973
973
972
970
968
968
968
967
966
965
963
963
962
960
959
958
957
957
956
956
956
953
953
953
950
950
947
947
946
944
943
939
938
937
936
936
936
935
935
934
933
933
932
932
931
928
926
926
925
925
924
924
923
921
920
918
917
915
914
913
913
912
912
911
904
904
903
903
902
902
901
900
898
896
896
896
895
895
894
894
894
892
892
891
890
889
888
887
886
884
884
883
882
880
880
878
878
876
876
876
876
874
873
871
869
869
868
867
866
866
866
866
865
865
864
863
862
861
861
860
860
858
857
854
853
851
849
848
847
847
847
845
842
842
842
842
841
841
840
840
839
838
838
838
836
835
832
832
831
831
830
828
827
826
826
825
824
821
819
817
815
814
813
813
812
811
810
809
804
804
804
803
802
802
802
801
801
800
799
798
796
794
794
794
793
791
790
788
788
787
787
786
784
783
783
783
782
782
781
780
780
777
777
775
775
774
774
773
773
772
770
769
769
769
765
763
759
759
754
753
752
751
751
750
749
748
748
747
746
744
742
741
739
738
738
738
737
735
734
732
731
729
728
727
725
724
722
721
720
718
718
717
717
716
715
715
715
714
714
714
713
712
711
710
709
709
707
705
705
703
700
699
699
698
698
697
696
695
694
693
692
692
691
688
688
686
685
685
685
684
684
682
680
679
679
678
678
677
677
676
674
673
672
671
671
671
670
669
669
669
668
668
665
664
663
663
663
661
661
661
660
660
660
660
658
658
657
656
656
655
655
655
655
654
651
650
649
648
643
641
641
640
640
640
639
639
636
635
634
634
633
632
629
629
626
625
625
625
624
624
624
622
620
619
619
618
618
613
611
610
610
608
608
607
606
600
600
599
599
597
596
596
595
594
594
592
591
590
589
587
583
583
582
580
579
577
576
576
575
573
572
572
571
569
566
566
566
565
564
564
563
562
558
557
555
554
554
553
553
549
547
546
544
543
543
542
542
540
540
539
538
538
538
537
534
532
532
532
530
528
525
523
522
522
520
519
518
517
517
514
512
512
510
509
509
507
507
505
505
504
502
501
501
500
499
498
498
496
496
494
493
492
492
491
489
487
486
483
482
477
477
474
474
474
472
471
469
468
467
465
463
463
462
461
461
460
460
460
458
456
455
453
451
450
449
448
448
448
448
447
447
447
446
446
444
444
444
443
443
440
440
439
438
437
437
437
436
435
430
428
427
427
427
427
426
425
421
420
419
418
416
415
415
413
413
409
408
407
407
407
405
404
401
401
401
399
395
394
394
392
391
390
389
389
388
388
384
380
380
378
378
373
373
371
369
368
367
367
366
364
364
364
361
361
360
360
359
358
357
356
355
354
353
353
353
352
351
349
348
347
346
346
346
344
343
343
340
340
340
340
339
339
339
338
337
337
336
336
336
335
335
332
332
331
331
331
330
329
329
329
328
328
327
325
325
323
323
321
321
319
319
318
318
316
316
313
313
310
309
308
305
305
304
302
301
301
301
300
297
296
294
292
290
290
287
286
286
286
285
283
282
281
280
279
279
278
278
277
277
275
273
273
273
271
270
270
269
269
269
267
265
265
265
263
263
262
261
260
259
258
257
256
255
253
253
253
253
250
248
246
245
244
244
244
244
243
243
240
237
236
235
235
235
234
233
231
231
230
229
229
228
227
226
226
224
222
221
219
217
216
216
215
214
213
213
213
211
210
208
208
207
207
205
205
204
203
203
203
201
200
198
198
196
195
195
194
194
194
192
190
190
188
188
186
185
185
184
183
178
177
176
176
175
175
175
174
174
172
169
169
169
169
169
168
167
167
165
161
161
161
160
160
159
157
157
157
157
156
156
155
155
154
153
151
151
150
149
149
148
146
146
145
144
143
143
142
141
140
139
139
136
135
135
135
134
128
127
127
127
125
125
125
125
123
122
122
122
120
119
119
118
117
117
113
112
111
111
110
110
108
108
108
107
106
106
105
104
103
101
101
100
100
100
97
97
96
93
89
89
88
87
87
87
86
85
84
83
82
82
82
82
81
81
81
79
78
76
74
73
72
67
67
67
67
66
66
66
64
62
62
62
59
59
59
58
57
55
52
51
51
47
45
45
44
43
43
43
42
41
41
39
39
37
37
36
35
34
33
29
28
27
27
27
24
21
21
21
21
19
19
15
14
14
14
14
12
12
11
10
9
8
8
7
4
3
1
