5000
1
3
4
7
8
8
9
10
11
12
12
14
14
14
14
15
19
19
21
21
21
21
24
27
27
27
28
29
33
34
35
36
37
37
39
39
41
41
42
43
43
43
44
45
45
47
51
51
52
55
57
58
59
59
59
62
62
62
64
66
66
66
67
67
67
67
72
73
74
76
78
79
81
81
81
82
82
82
82
83
84
85
86
87
87
87
88
89
89
93
96
97
97
100
100
100
101
101
103
104
105
106
106
107
108
108
108
110
110
111
111
112
113
117
117
118
119
119
120
122
122
122
123
125
125
125
125
127
127
127
128
134
135
135
135
136
139
139
140
141
142
143
143
144
145
146
146
148
149
149
150
151
151
153
154
155
155
156
156
157
157
157
157
159
160
160
161
161
161
165
167
167
168
169
169
169
169
169
172
174
174
175
175
175
176
176
177
178
183
184
185
185
186
188
188
190
190
192
194
194
194
195
195
196
198
198
200
201
203
203
203
204
205
205
207
207
208
208
210
211
213
213
213
214
215
216
216
217
219
221
222
224
226
226
227
228
229
229
230
231
231
233
234
235
235
235
236
237
240
243
243
244
244
244
244
245
246
248
250
253
253
253
253
255
256
257
258
259
260
261
262
263
263
265
265
265
267
269
269
269
270
270
271
273
273
273
275
277
277
278
278
279
279
280
281
282
283
285
286
286
286
287
290
290
292
294
296
297
300
301
301
301
302
304
305
305
308
309
310
313
313
316
316
318
318
319
319
321
321
323
323
325
325
327
328
328
329
329
329
330
331
331
331
332
332
335
335
336
336
336
337
337
338
339
339
339
340
340
340
340
343
343
344
346
346
346
347
348
349
351
352
353
353
353
354
355
356
357
358
359
360
360
361
361
364
364
364
366
367
367
368
369
371
373
373
378
378
380
380
384
388
388
389
389
390
391
392
394
394
395
399
401
401
401
404
405
407
407
407
408
409
413
413
415
415
416
418
419
420
421
425
426
427
427
427
427
428
430
435
436
437
437
437
438
439
440
440
443
443
444
444
444
446
446
447
447
447
448
448
448
448
449
450
451
453
455
456
458
460
460
460
461
461
462
463
463
465
467
468
469
471
472
474
474
474
477
477
482
483
486
487
489
491
492
492
493
494
496
496
498
498
499
500
501
501
502
504
505
505
507
507
509
509
510
512
512
514
517
517
518
519
520
522
522
523
525
528
530
532
532
532
534
537
538
538
538
539
540
540
542
542
543
543
544
546
547
549
553
553
554
554
555
557
558
562
563
564
564
565
566
566
566
569
571
572
572
573
575
576
576
577
579
580
582
583
583
587
589
590
591
592
594
594
595
596
596
597
599
599
600
600
606
607
608
608
610
610
611
613
618
618
619
619
620
622
624
624
624
625
625
625
626
629
629
632
633
634
634
635
636
639
639
640
640
640
641
641
643
648
649
650
651
654
655
655
655
655
656
656
657
658
658
660
660
660
660
661
661
661
663
663
663
664
665
668
668
669
669
669
670
671
671
671
672
673
674
676
677
677
678
678
679
679
680
682
684
684
685
685
685
686
688
688
691
692
692
693
694
695
696
697
698
698
699
699
700
703
705
705
707
709
709
710
711
712
713
714
714
714
715
715
715
716
717
717
718
718
720
721
722
724
725
727
728
729
731
732
734
735
737
738
738
738
739
741
742
744
746
747
748
748
749
750
751
751
752
753
754
759
759
763
765
769
769
769
770
772
773
773
774
774
775
775
777
777
780
780
781
782
782
783
783
783
784
786
787
787
788
788
790
791
793
794
794
794
796
798
799
800
801
801
802
802
802
803
804
804
804
809
810
811
812
813
813
814
815
817
819
821
824
825
826
826
827
828
830
831
831
832
832
835
836
838
838
838
839
840
840
841
841
842
842
842
842
845
847
847
847
848
849
851
853
854
857
858
860
860
861
861
862
863
864
865
865
866
866
866
866
867
868
869
869
871
873
874
876
876
876
876
878
878
880
880
882
883
884
884
886
887
888
889
890
891
892
892
894
894
894
895
895
896
896
896
898
900
901
902
902
903
903
904
904
911
912
912
913
913
914
915
917
918
920
921
923
924
924
925
925
926
926
928
931
932
932
933
933
934
935
935
936
936
936
937
938
939
943
944
946
947
947
950
950
953
953
953
956
956
956
957
957
958
959
960
962
963
963
965
966
967
968
968
968
970
972
973
973
976
976
977
978
979
980
981
983
983
983
985
986
986
987
987
989
989
993
995
996
996
996
996
997
998
998
998
999
1000
1000
1000
1000
1002
1002
1002
1003
1004
1006
1010
1013
1014
1014
1015
1015
1017
1017
1017
1018
1018
1022
1026
1026
1026
1027
1027
1029
1029
1030
1031
1031
1032
1032
1034
1034
1036
1036
1036
1036
1038
1038
1039
1041
1042
1042
1042
1042
1043
1046
1047
1047
1047
1049
1050
1051
1051
1051
1051
1052
1053
1053
1054
1054
1054
1055
1058
1059
1059
1059
1063
1063
1064
1065
1071
1072
1074
1078
1078
1081
1081
1082
1083
1083
1083
1084
1086
1088
1090
1091
1091
1092
1093
1094
1094
1094
1095
1095
1097
1098
1099
1099
1099
1100
1101
1102
1103
1103
1106
1110
1110
1112
1113
1114
1115
1116
1116
1118
1118
1118
1118
1119
1119
1119
1119
1122
1123
1124
1124
1125
1127
1127
1128
1130
1130
1131
1132
1132
1133
1133
1134
1136
1136
1137
1140
1140
1142
1142
1143
1144
1144
1144
1144
1145
1146
1151
1152
1153
1154
1154
1155
1158
1158
1158
1159
1160
1160
1160
1161
1162
1163
1164
1165
1165
1167
1168
1168
1168
1170
1170
1171
1171
1172
1174
1176
1177
1177
1178
1178
1179
1184
1185
1186
1186
1186
1186
1186
1189
1189
1190
1190
1191
1191
1192
1192
1193
1193
1193
1197
1197
1199
1201
1202
1202
1203
1204
1204
1204
1204
1205
1206
1207
1207
1208
1208
1209
1209
1210
1210
1211
1213
1216
1216
1217
1217
1217
1218
1219
1220
1223
1223
1224
1225
1225
1226
1227
1228
1230
1231
1231
1231
1232
1232
1232
1234
1234
1234
1236
1236
1239
1239
1240
1240
1243
1243
1246
1247
1247
1250
1251
1251
1253
1253
1254
1256
1257
1258
1258
1259
1261
1261
1262
1262
1262
1262
1263
1263
1264
1264
1265
1266
1266
1267
1268
1268
1269
1269
1272
1273
1275
1275
1277
1277
1278
1278
1278
1281
1282
1282
1282
1286
1287
1289
1291
1292
1292
1293
1294
1294
1294
1294
1295
1296
1299
1302
1302
1303
1303
1303
1303
1306
1310
1314
1317
1319
1319
1321
1322
1323
1323
1325
1326
1326
1327
1329
1330
1332
1333
1333
1335
1335
1335
1336
1337
1337
1337
1339
1339
1340
1340
1341
1341
1344
1346
1346
1348
1349
1350
1352
1352
1352
1353
1353
1354
1354
1359
1359
1360
1361
1362
1362
1363
1363
1364
1364
1364
1364
1366
1367
1367
1368
1368
1369
1369
1371
1374
1374
1375
1376
1376
1380
1380
1382
1382
1383
1384
1385
1386
1388
1389
1389
1391
1391
1394
1395
1396
1399
1399
1399
1400
1403
1403
1405
1408
1409
1411
1413
1415
1415
1416
1416
1418
1418
1419
1419
1421
1421
1424
1424
1425
1427
1427
1428
1428
1428
1428
1429
1429
1430
1434
1436
1436
1436
1436
1437
1437
1438
1440
1441
1442
1442
1442
1442
1444
1447
1450
1450
1453
1454
1455
1458
1458
1458
1459
1460
1460
1460
1461
1461
1461
1461
1462
1462
1462
1464
1464
1464
1465
1465
1465
1467
1467
1468
1469
1469
1469
1471
1472
1474
1474
1474
1476
1480
1480
1481
1481
1481
1481
1482
1483
1484
1485
1486
1487
1487
1487
1488
1492
1493
1493
1493
1494
1495
1496
1499
1499
1501
1509
1509
1510
1512
1513
1517
1517
1518
1519
1520
1520
1522
1522
1522
1523
1524
1526
1526
1527
1527
1529
1530
1531
1531
1532
1532
1534
1534
1535
1535
1536
1537
1537
1538
1539
1540
1541
1543
1544
1546
1546
1547
1550
1552
1552
1553
1554
1555
1555
1557
1557
1559
1562
1562
1564
1564
1565
1566
1566
1566
1566
1567
1568
1570
1570
1570
1570
1573
1574
1574
1575
1575
1575
1577
1580
1580
1581
1582
1583
1583
1583
1584
1585
1588
1591
1593
1594
1594
1596
1598
1598
1599
1599
1600
1600
1602
1602
1605
1605
1607
1609
1609
1609
1611
1611
1612
1612
1612
1613
1615
1615
1616
1619
1619
1619
1619
1620
1623
1626
1626
1627
1627
1628
1629
1630
1631
1635
1635
1636
1636
1638
1638
1638
1638
1638
1640
1642
1642
1643
1643
1644
1644
1645
1645
1645
1647
1647
1649
1653
1654
1654
1655
1655
1656
1656
1657
1658
1658
1659
1659
1660
1662
1663
1664
1664
1664
1665
1666
1668
1671
1671
1673
1673
1673
1674
1674
1675
1675
1676
1677
1677
1677
1678
1679
1680
1680
1680
1681
1682
1683
1684
1685
1686
1687
1687
1687
1689
1690
1691
1691
1692
1693
1694
1695
1696
1696
1696
1698
1699
1700
1702
1703
1703
1703
1707
1708
1709
1709
1710
1710
1710
1711
1711
1711
1714
1715
1715
1715
1716
1716
1717
1717
1719
1721
1721
1722
1722
1722
1723
1724
1724
1724
1726
1726
1727
1730
1730
1731
1731
1733
1734
1735
1737
1737
1739
1739
1740
1740
1740
1742
1743
1743
1743
1745
1746
1747
1748
1749
1749
1750
1751
1751
1751
1753
1760
1761
1763
1763
1764
1765
1767
1768
1769
1770
1770
1770
1771
1771
1771
1774
1774
1774
1775
1776
1777
1778
1779
1780
1781
1782
1783
1784
1788
1789
1789
1790
1790
1790
1792
1794
1794
1795
1800
1800
1800
1801
1801
1801
1801
1805
1805
1806
1808
1809
1809
1809
1810
1812
1812
1814
1814
1814
1816
1816
1817
1818
1822
1822
1822
1823
1823
1823
1825
1827
1827
1828
1828
1829
1829
1829
1830
1830
1831
1833
1833
1833
1834
1835
1836
1836
1837
1838
1838
1840
1842
1844
1847
1847
1848
1852
1853
1854
1854
1855
1855
1857
1857
1859
1859
1860
1860
1861
1862
1863
1865
1866
1868
1869
1871
1872
1872
1872
1873
1873
1874
1874
1876
1877
1877
1878
1878
1879
1881
1881
1881
1881
1883
1884
1884
1888
1888
1889
1889
1890
1890
1893
1894
1895
1896
1896
1897
1898
1901
1902
1905
1905
1905
1905
1907
1909
1912
1912
1912
1912
1912
1914
1914
1915
1915
1916
1916
1917
1917
1918
1918
1919
1921
1921
1922
1922
1922
1922
1922
1925
1927
1927
1930
1931
1931
1932
1934
1935
1940
1941
1942
1942
1943
1943
1944
1945
1946
1948
1949
1949
1950
1951
1951
1954
1954
1956
1957
1958
1958
1959
1962
1962
1963
1963
1966
1967
1967
1968
1970
1971
1972
1972
1972
1973
1976
1977
1977
1977
1979
1981
1981
1983
1990
1990
1990
1991
1991
1992
1995
1996
1996
1997
1997
1997
1999
2000
2002
2002
2003
2003
2004
2006
2009
2009
2009
2013
2013
2013
2014
2015
2016
2017
2017
2020
2021
2021
2022
2026
2027
2027
2029
2030
2030
2033
2034
2037
2040
2041
2041
2043
2044
2045
2045
2048
2049
2052
2052
2052
2053
2054
2055
2056
2056
2056
2059
2060
2061
2063
2065
2066
2066
2066
2067
2067
2068
2069
2070
2070
2072
2072
2073
2073
2074
2075
2075
2075
2080
2081
2081
2082
2084
2085
2086
2088
2088
2090
2092
2093
2094
2094
2095
2095
2095
2096
2096
2097
2097
2097
2098
2099
2099
2101
2102
2103
2103
2104
2104
2105
2107
2107
2107
2108
2110
2111
2111
2112
2114
2115
2116
2119
2121
2122
2122
2127
2127
2127
2128
2128
2128
2128
2129
2132
2133
2133
2135
2135
2136
2137
2144
2147
2147
2147
2148
2148
2148
2148
2149
2149
2150
2151
2154
2155
2156
2156
2157
2157
2159
2160
2160
2161
2161
2162
2162
2166
2167
2167
2167
2167
2167
2168
2169
2170
2171
2171
2173
2174
2175
2176
2176
2177
2178
2178
2179
2181
2182
2182
2184
2185
2185
2187
2188
2188
2189
2189
2190
2190
2191
2192
2192
2193
2194
2196
2197
2198
2199
2200
2200
2202
2203
2204
2207
2208
2208
2209
2212
2212
2213
2214
2214
2215
2216
2216
2216
2216
2217
2218
2219
2219
2220
2220
2221
2222
2222
2224
2224
2225
2226
2227
2228
2229
2230
2230
2231
2232
2232
2234
2234
2234
2238
2238
2239
2240
2240
2241
2242
2242
2242
2244
2244
2248
2248
2250
2250
2250
2251
2251
2252
2252
2252
2253
2254
2256
2256
2256
2256
2257
2258
2259
2261
2261
2261
2262
2262
2262
2263
2263
2263
2264
2264
2265
2267
2269
2271
2271
2272
2273
2275
2276
2276
2277
2277
2282
2282
2283
2285
2285
2285
2286
2286
2288
2289
2290
2293
2293
2293
2295
2295
2295
2296
2296
2296
2297
2299
2299
2299
2302
2302
2303
2304
2310
2310
2312
2315
2315
2315
2316
2316
2317
2317
2318
2319
2320
2320
2321
2323
2326
2326
2329
2329
2330
2331
2331
2333
2333
2334
2335
2335
2336
2337
2337
2338
2341
2342
2342
2343
2344
2345
2345
2346
2347
2347
2347
2348
2349
2349
2349
2350
2351
2353
2354
2359
2362
2366
2367
2369
2370
2371
2372
2373
2375
2377
2380
2381
2382
2382
2382
2384
2384
2385
2385
2386
2387
2388
2388
2388
2388
2389
2394
2394
2402
2404
2405
2405
2405
2406
2407
2407
2407
2410
2410
2411
2411
2413
2413
2414
2415
2415
2416
2417
2417
2418
2418
2420
2420
2421
2421
2422
2422
2422
2422
2423
2424
2425
2426
2426
2427
2428
2430
2431
2431
2431
2432
2433
2433
2434
2434
2434
2438
2439
2439
2439
2441
2442
2444
2445
2445
2447
2447
2448
2449
2450
2451
2452
2453
2453
2453
2453
2455
2455
2455
2456
2456
2456
2458
2460
2461
2462
2463
2464
2464
2465
2465
2466
2466
2467
2468
2469
2472
2473
2474
2474
2475
2476
2476
2476
2476
2477
2477
2477
2478
2479
2480
2481
2482
2485
2486
2487
2487
2489
2489
2489
2492
2494
2494
2494
2495
2495
2496
2496
2497
2497
2497
2499
2499
2502
2502
2502
2506
2507
2507
2507
2508
2509
2510
2510
2511
2511
2512
2513
2513
2514
2514
2515
2515
2515
2516
2518
2519
2520
2522
2522
2522
2523
2525
2526
2526
2529
2530
2530
2533
2534
2535
2536
2537
2539
2540
2541
2541
2541
2542
2544
2544
2544
2545
2545
2545
2545
2546
2547
2547
2548
2548
2550
2550
2551
2551
2552
2552
2552
2553
2553
2554
2554
2555
2558
2559
2559
2560
2562
2562
2564
2565
2567
2571
2571
2572
2573
2578
2578
2580
2580
2582
2582
2583
2583
2584
2584
2585
2587
2589
2589
2590
2592
2594
2595
2595
2596
2596
2596
2597
2597
2598
2599
2600
2600
2603
2604
2604
2604
2605
2605
2606
2606
2606
2606
2606
2607
2609
2609
2609
2611
2611
2611
2611
2612
2612
2613
2616
2616
2617
2617
2617
2619
2619
2620
2623
2623
2623
2625
2625
2626
2628
2629
2629
2630
2631
2632
2632
2634
2636
2636
2637
2641
2642
2643
2645
2646
2647
2648
2648
2648
2649
2650
2652
2652
2653
2653
2654
2654
2655
2660
2660
2660
2661
2662
2665
2666
2668
2668
2669
2669
2671
2673
2674
2675
2675
2675
2676
2676
2677
2679
2680
2681
2683
2683
2683
2686
2686
2690
2693
2693
2694
2695
2696
2696
2698
2700
2701
2703
2703
2705
2706
2709
2710
2710
2711
2712
2713
2716
2716
2716
2717
2718
2718
2719
2720
2722
2723
2725
2726
2727
2728
2731
2732
2732
2732
2733
2733
2733
2733
2734
2734
2735
2736
2736
2737
2737
2738
2740
2741
2742
2743
2743
2743
2744
2744
2745
2746
2748
2748
2752
2752
2753
2753
2755
2757
2757
2757
2758
2759
2759
2759
2759
2760
2761
2763
2763
2764
2764
2765
2766
2767
2770
2772
2774
2777
2778
2779
2779
2780
2780
2782
2782
2783
2784
2784
2784
2785
2785
2787
2788
2789
2790
2790
2791
2794
2794
2795
2796
2796
2797
2798
2798
2798
2799
2801
2802
2802
2803
2803
2805
2807
2807
2808
2809
2810
2811
2811
2811
2812
2812
2813
2813
2815
2821
2822
2822
2823
2824
2825
2828
2829
2829
2830
2830
2831
2832
2833
2833
2834
2834
2834
2835
2836
2836
2837
2839
2840
2841
2841
2841
2841
2844
2844
2845
2845
2849
2850
2851
2851
2853
2854
2855
2855
2857
2859
2860
2861
2862
2865
2866
2866
2866
2867
2868
2869
2870
2871
2872
2872
2872
2872
2873
2874
2878
2882
2883
2883
2884
2884
2884
2887
2891
2891
2891
2893
2894
2895
2895
2896
2896
2896
2899
2899
2901
2902
2902
2905
2905
2908
2909
2910
2911
2912
2912
2914
2915
2917
2919
2919
2920
2923
2924
2926
2926
2927
2927
2927
2928
2930
2930
2931
2931
2931
2931
2931
2932
2935
2935
2936
2936
2937
2938
2941
2942
2943
2943
2944
2944
2944
2946
2947
2947
2948
2948
2949
2949
2949
2950
2951
2952
2953
2954
2954
2954
2959
2959
2960
2960
2961
2961
2962
2962
2962
2962
2964
2965
2967
2967
2967
2969
2969
2971
2972
2974
2975
2977
2978
2979
2981
2982
2983
2983
2985
2985
2986
2987
2987
2988
2988
2988
2990
2990
2990
2991
2992
2995
2996
2996
3000
3000
3001
3002
3004
3004
3004
3005
3007
3007
3008
3009
3009
3010
3010
3011
3011
3012
3012
3013
3014
3016
3016
3018
3020
3020
3021
3022
3022
3025
3025
3028
3029
3030
3033
3035
3035
3036
3037
3039
3041
3043
3044
3044
3044
3046
3048
3049
3051
3051
3052
3052
3052
3053
3054
3055
3056
3060
3063
3063
3064
3065
3066
3068
3069
3069
3071
3072
3072
3072
3072
3074
3075
3075
3075
3076
3077
3078
3078
3079
3080
3080
3082
3082
3084
3086
3086
3090
3092
3093
3093
3094
3095
3097
3097
3100
3101
3101
3101
3102
3103
3104
3104
3105
3106
3109
3112
3112
3114
3114
3115
3115
3115
3116
3116
3116
3117
3118
3119
3119
3120
3120
3120
3121
3122
3124
3124
3125
3125
3125
3126
3126
3127
3128
3128
3128
3129
3133
3133
3134
3135
3136
3138
3139
3139
3139
3141
3142
3144
3144
3145
3145
3149
3152
3152
3155
3155
3155
3158
3160
3160
3160
3161
3162
3162
3164
3164
3168
3168
3169
3170
3170
3171
3171
3174
3174
3175
3176
3178
3181
3182
3183
3183
3184
3184
3188
3193
3193
3194
3195
3197
3197
3198
3199
3202
3202
3202
3204
3204
3205
3207
3207
3212
3213
3213
3216
3216
3217
3217
3218
3218
3218
3221
3221
3222
3224
3224
3226
3226
3226
3228
3230
3230
3231
3233
3233
3234
3234
3235
3236
3236
3236
3238
3238
3238
3240
3241
3242
3242
3242
3242
3242
3243
3243
3243
3244
3246
3246
3247
3247
3249
3249
3255
3255
3256
3256
3258
3258
3260
3261
3261
3262
3263
3263
3263
3264
3264
3265
3266
3266
3267
3267
3271
3272
3273
3275
3277
3277
3279
3280
3283
3283
3283
3285
3287
3287
3288
3288
3291
3291
3293
3293
3297
3298
3299
3300
3302
3302
3302
3304
3304
3305
3306
3309
3310
3311
3311
3311
3312
3313
3314
3314
3315
3315
3318
3318
3319
3322
3323
3323
3323
3324
3326
3326
3328
3330
3331
3332
3332
3332
3332
3333
3338
3339
3340
3340
3342
3344
3344
3345
3346
3347
3348
3348
3348
3349
3349
3350
3350
3350
3354
3354
3354
3356
3356
3356
3357
3357
3357
3359
3363
3365
3367
3368
3369
3371
3371
3373
3373
3373
3374
3375
3375
3377
3378
3381
3382
3382
3383
3386
3386
3387
3391
3391
3394
3395
3396
3396
3396
3397
3398
3399
3400
3403
3404
3405
3405
3409
3413
3415
3416
3417
3418
3422
3424
3425
3428
3428
3429
3429
3429
3429
3431
3431
3432
3433
3434
3435
3438
3439
3441
3444
3445
3446
3449
3450
3450
3450
3452
3452
3452
3454
3455
3457
3458
3460
3460
3461
3462
3465
3465
3466
3467
3468
3469
3470
3472
3472
3474
3475
3477
3479
3480
3481
3481
3483
3483
3484
3488
3489
3493
3495
3495
3496
3496
3497
3499
3499
3499
3500
3501
3502
3503
3504
3504
3505
3507
3507
3508
3509
3509
3509
3509
3510
3511
3516
3517
3518
3519
3519
3521
3522
3529
3529
3530
3532
3535
3535
3536
3536
3536
3537
3537
3542
3544
3548
3548
3550
3551
3552
3552
3552
3552
3553
3555
3555
3556
3558
3558
3559
3560
3561
3562
3564
3564
3564
3565
3565
3566
3568
3571
3571
3571
3572
3575
3575
3577
3577
3580
3581
3581
3582
3584
3584
3586
3587
3588
3588
3588
3591
3593
3593
3594
3594
3597
3598
3599
3600
3601
3602
3603
3604
3604
3605
3605
3606
3607
3607
3608
3609
3610
3613
3614
3615
3616
3616
3617
3617
3617
3622
3624
3624
3625
3628
3629
3630
3630
3631
3634
3634
3637
3637
3637
3637
3639
3642
3642
3642
3646
3647
3647
3648
3649
3651
3652
3655
3655
3657
3660
3662
3662
3662
3662
3663
3663
3664
3668
3668
3668
3669
3669
3670
3672
3673
3674
3674
3675
3675
3675
3676
3676
3677
3677
3678
3678
3678
3679
3679
3680
3681
3681
3684
3689
3690
3691
3692
3695
3695
3697
3698
3701
3703
3705
3705
3707
3709
3710
3710
3711
3711
3712
3714
3715
3717
3718
3720
3722
3723
3724
3724
3726
3726
3726
3728
3728
3728
3728
3730
3730
3731
3731
3734
3734
3736
3737
3738
3739
3739
3740
3742
3743
3744
3746
3746
3747
3747
3747
3749
3749
3751
3752
3752
3753
3755
3756
3756
3763
3764
3766
3766
3766
3769
3770
3771
3777
3778
3778
3780
3780
3781
3782
3783
3785
3789
3790
3790
3791
3792
3793
3793
3796
3796
3797
3797
3797
3801
3801
3801
3803
3806
3808
3808
3810
3812
3813
3813
3815
3815
3815
3816
3818
3820
3820
3822
3823
3823
3825
3825
3827
3827
3828
3829
3829
3829
3830
3833
3834
3834
3834
3835
3838
3839
3839
3839
3839
3841
3842
3843
3843
3846
3847
3848
3849
3849
3851
3851
3852
3852
3853
3854
3856
3856
3856
3858
3858
3858
3859
3861
3864
3864
3865
3866
3866
3870
3872
3872
3872
3872
3875
3875
3875
3877
3877
3878
3879
3881
3882
3884
3885
3886
3888
3888
3890
3891
3891
3892
3892
3894
3894
3895
3896
3897
3898
3898
3903
3905
3906
3907
3907
3909
3909
3910
3910
3911
3912
3912
3913
3913
3913
3914
3914
3914
3916
3916
3917
3917
3920
3921
3922
3923
3925
3926
3927
3928
3928
3929
3930
3931
3931
3932
3934
3934
3935
3935
3937
3937
3937
3937
3938
3939
3940
3940
3940
3940
3942
3942
3942
3944
3945
3945
3946
3946
3947
3950
3951
3951
3951
3953
3954
3956
3956
3959
3960
3962
3962
3964
3965
3966
3968
3968
3968
3969
3971
3971
3972
3976
3976
3977
3977
3978
3980
3982
3983
3984
3985
3987
3988
3988
3989
3989
3990
3991
3991
3991
3992
3993
3993
3993
3995
3995
3996
3996
3996
3997
3999
3999
3999
4000
4000
4003
4004
4005
4007
4007
4008
4008
4009
4011
4012
4012
4014
4016
4017
4018
4018
4018
4020
4020
4022
4023
4024
4024
4025
4026
4026
4027
4031
4032
4033
4033
4035
4035
4036
4036
4037
4040
4041
4045
4046
4046
4046
4052
4053
4054
4056
4059
4062
4067
4069
4069
4070
4070
4071
4072
4072
4072
4075
4075
4076
4076
4076
4078
4079
4079
4079
4080
4082
4082
4083
4085
4086
4088
4089
4091
4092
4094
4094
4095
4096
4096
4097
4097
4097
4098
4098
4099
4100
4101
4103
4106
4107
4107
4109
4113
4113
4114
4115
4115
4115
4116
4119
4121
4122
4123
4123
4125
4126
4126
4127
4127
4132
4133
4133
4134
4135
4135
4136
4136
4137
4138
4139
4139
4141
4145
4147
4150
4150
4151
4153
4153
4154
4154
4154
4156
4156
4157
4157
4158
4158
4161
4162
4163
4163
4164
4168
4169
4169
4170
4171
4172
4172
4174
4174
4175
4176
4177
4178
4178
4178
4179
4179
4179
4179
4179
4181
4182
4182
4185
4186
4186
4187
4187
4188
4190
4191
4193
4194
4194
4196
4196
4197
4198
4198
4201
4201
4203
4204
4205
4205
4207
4207
4209
4209
4210
4211
4212
4213
4213
4214
4217
4219
4219
4221
4221
4222
4223
4223
4224
4226
4229
4230
4230
4231
4232
4232
4232
4234
4235
4235
4235
4236
4237
4240
4241
4242
4243
4244
4245
4247
4248
4250
4253
4254
4254
4255
4258
4258
4258
4260
4261
4261
4265
4266
4266
4266
4267
4267
4267
4267
4269
4269
4270
4271
4272
4272
4273
4274
4276
4278
4279
4279
4279
4283
4284
4285
4286
4286
4288
4288
4288
4290
4290
4291
4291
4291
4293
4294
4294
4295
4301
4302
4302
4305
4306
4307
4307
4308
4308
4310
4312
4314
4315
4318
4319
4323
4323
4324
4324
4324
4325
4325
4326
4327
4329
4329
4331
4333
4335
4335
4338
4339
4339
4341
4341
4341
4343
4344
4344
4345
4346
4346
4348
4349
4351
4351
4354
4355
4355
4355
4355
4356
4357
4357
4357
4358
4359
4360
4360
4360
4361
4363
4363
4364
4366
4367
4368
4368
4369
4369
4369
4371
4372
4372
4373
4373
4374
4377
4380
4380
4381
4382
4384
4387
4388
4389
4389
4390
4391
4391
4396
4397
4397
4397
4399
4401
4402
4402
4404
4404
4405
4407
4407
4408
4408
4409
4411
4412
4413
4413
4414
4414
4418
4421
4422
4422
4424
4424
4424
4425
4425
4428
4428
4429
4431
4432
4433
4437
4437
4438
4438
4439
4440
4444
4444
4447
4447
4448
4448
4448
4449
4450
4453
4453
4453
4456
4457
4458
4458
4459
4459
4462
4463
4463
4463
4464
4467
4467
4468
4468
4469
4470
4471
4472
4474
4475
4478
4479
4479
4480
4485
4491
4493
4494
4494
4494
4495
4495
4496
4496
4499
4499
4502
4503
4504
4507
4507
4508
4508
4509
4511
4511
4514
4516
4516
4516
4516
4518
4519
4520
4520
4521
4521
4523
4526
4527
4528
4528
4529
4531
4532
4532
4533
4535
4536
4536
4537
4537
4538
4538
4540
4540
4541
4542
4542
4545
4548
4549
4549
4549
4550
4553
4554
4555
4556
4557
4558
4561
4561
4561
4563
4563
4563
4567
4567
4567
4569
4569
4570
4570
4571
4571
4572
4573
4573
4574
4576
4577
4578
4578
4579
4580
4581
4585
4585
4586
4588
4589
4589
4590
4591
4592
4593
4593
4595
4596
4596
4597
4597
4598
4598
4598
4599
4600
4601
4604
4606
4607
4607
4608
4612
4613
4613
4618
4618
4618
4622
4623
4624
4625
4626
4627
4627
4628
4628
4629
4629
4632
4634
4634
4634
4635
4637
4639
4640
4640
4640
4641
4641
4643
4643
4646
4646
4647
4648
4648
4650
4650
4651
4652
4652
4654
4654
4654
4655
4655
4657
4657
4660
4661
4661
4663
4667
4667
4669
4669
4670
4670
4672
4672
4672
4672
4674
4674
4675
4675
4675
4680
4681
4682
4682
4684
4685
4686
4686
4687
4688
4688
4690
4690
4691
4691
4698
4699
4701
4702
4703
4704
4705
4706
4707
4707
4709
4709
4710
4711
4713
4715
4716
4717
4719
4721
4721
4722
4723
4723
4724
4725
4726
4726
4728
4728
4729
4731
4733
4733
4733
4734
4735
4735
4736
4737
4738
4738
4740
4741
4743
4744
4744
4745
4745
4746
4746
4747
4748
4749
4749
4750
4751
4751
4755
4757
4758
4758
4758
4759
4760
4760
4761
4762
4763
4764
4764
4765
4766
4766
4767
4770
4771
4771
4772
4774
4778
4779
4779
4780
4782
4782
4783
4784
4785
4786
4787
4789
4789
4790
4791
4792
4796
4797
4798
4799
4799
4799
4800
4800
4800
4801
4804
4805
4806
4807
4809
4812
4812
4816
4817
4817
4817
4818
4818
4819
4819
4819
4819
4819
4822
4825
4825
4825
4825
4826
4828
4828
4832
4833
4834
4834
4835
4836
4836
4836
4837
4838
4839
4841
4841
4841
4842
4844
4845
4847
4849
4850
4852
4853
4853
4854
4857
4858
4858
4858
4858
4859
4860
4860
4860
4861
4864
4866
4867
4868
4868
4869
4870
4871
4874
4874
4875
4875
4876
4876
4876
4877
4878
4880
4881
4881
4882
4883
4884
4886
4886
4887
4888
4889
4889
4890
4891
4892
4894
4894
4897
4898
4901
4901
4902
4902
4902
4903
4903
4906
4906
4907
4908
4910
4910
4910
4914
4914
4914
4915
4915
4917
4917
4918
4919
4919
4923
4923
4924
4927
4929
4930
4931
4931
4933
4934
4936
4936
4937
4938
4942
4942
4942
4944
4945
4945
4945
4947
4949
4949
4950
4951
4951
4952
4952
4953
4955
4956
4957
4959
4966
4967
4970
4971
4971
4971
4975
4975
4975
4976
4976
4977
4978
4978
4980
4981
4983
4984
4985
4985
4986
4988
4988
4990
4990
4991
4992
4992
4992
4992
4993
4993
4994
4994
4994
4995
4996
4999
4999
4999
4999
4999
5000
5000
5001
